"","topic1","topic2","topic3","topic4","topic5","topic6","topic7","topic8","topic9","project","projecttype"
"abwiki",0.00450318101323221,0.000409229258221338,0.000227031626006735,5.04881221508218e-05,2.82603760597452e-05,2.9950724396232e-05,0.994648295397647,5.42840290556265e-05,4.9279453230069e-05,"abwiki","Wikipedia"
"acewiki",0.852524469164153,0.0437181426270437,0.0863700121107445,0.00704183315761857,0.000493926142110809,0.00440791683491096,4.47469112028621e-05,0.00508358572809401,0.000315367324121378,"acewiki","Wikipedia"
"adywiki",0.520077830344803,0.199653203246407,0.226202395162151,0.020012028768674,0.00172398379384791,0.0310264109339494,0.000145113290995337,0.000563686199285799,0.000595348259886518,"adywiki","Wikipedia"
"afwiki",0.874311576315679,0.000153354458412518,0.00805244934544526,0.0432549699870019,5.68580429144805e-05,0.012395580640959,0.000161830264609087,0.0615148495978299,9.85313471485323e-05,"afwiki","Wikipedia"
"akwiki",0.635780540933988,0.249310770805377,0.0775951860839642,0.00853305698116582,0.00493028085785807,0.00220238650043359,0.0118307912443631,0.00767119146730763,0.00214579512554284,"akwiki","Wikipedia"
"alswiki",0.88924536112481,0.0112551813777154,0.0526896712760726,0.0312200225065442,0.000696316729043809,0.00678371268013188,0.000381227060222022,0.000381473180010679,0.00734703406544978,"alswiki","Wikipedia"
"amwiki",0.885403876166685,0.00410106609367218,0.0455753058164239,0.0597696035513757,0.000145639014534031,0.0029129990129517,8.11434384173871e-05,0.00184703638025405,0.000163330525685888,"amwiki","Wikipedia"
"angwiki",0.852711566496358,0.0443974193090194,0.0832081552889589,0.0137873357545187,0.000579254682242264,0.00400890180708981,0.000375583491467376,0.000320082142371993,0.00061170102797359,"angwiki","Wikipedia"
"anwiki",0.947750416372788,0.00566144939167013,0.0246957076489324,0.019339539865431,0.000183937906775981,0.00197319447965964,4.82379075207372e-05,0.000170158155554317,0.000177358271667508,"anwiki","Wikipedia"
"arcwiki",0.708455590879891,0.0968146038072178,0.129949027590317,0.0261696272231472,0.00427663034533606,0.0257967663367755,0.00247296591254866,0.00090717281219001,0.00515761509257695,"arcwiki","Wikipedia"
"arwiki",7.11905228493438e-05,0.0638387447865237,0.00374312566211928,0.0235660347951566,1.18367353552936e-06,0.907969503236499,5.03440578400302e-07,0.000805767082943849,3.9467997941428e-06,"arwiki","Wikipedia"
"arwikibooks",0.573394200082157,0.00167063580020341,0.232755441864115,0.0111169357369618,0.00245970486998068,0.174564746791857,0.00122302992032659,5.26319885365106e-05,0.00276267294586255,"arwikibooks","Wikibooks"
"arwikinews",0.239581372009137,0.345875477119058,0.328425132758264,0.0126964218060845,0.00418413755959614,0.0658651294278704,0.000239648186446292,0.00141511694402005,0.00171756418952388,"arwikinews","Wikinews"
"arwikiquote",0.549799097103913,0.00328205364880995,0.301615199536082,0.00338646997765897,0.00311195309244525,0.135430616172629,0.000669175979613851,9.58498851448105e-05,0.00260958460370395,"arwikiquote","Wikiquote"
"arwikisource",0.617685355859048,0.00144942438750107,0.190765291278072,0.00323577020796819,0.00271797360128445,0.182859905649304,0.000602592849334688,7.07166997544102e-05,0.000612969467734241,"arwikisource","Wikisource"
"arzwiki",0.853195772725382,0.00758848176463241,0.0568562432232614,0.0599777005423671,0.000324365805415121,0.0139980078493056,0.000401057116064654,0.000146310745990304,0.00751206022758193,"arzwiki","Wikipedia"
"astwiki",0.926354359773462,0.0418423476492561,0.0120655876903464,0.00931101614974394,0.000329952569462681,0.00463562581324099,0.000159411668424414,0.00113023343876414,0.00417146524729921,"astwiki","Wikipedia"
"aswiki",0.73614815358557,0.0607676510489253,0.138826785338834,0.00100001225091324,0.000294906996663299,0.0266928612837346,0.0114878099245151,0.00273582155174005,0.0220459980191053,"aswiki","Wikipedia"
"atjwiki",0.000244200244200479,0.000244200244200263,0.000244200244200394,0.000244200244200344,0.000244200244200244,0.000244200244200266,0.00024420024420025,0.000244200244200245,0.998046398046397,"atjwiki","Wikipedia"
"avwiki",0.530698507520491,0.127219408324476,0.0365462728593031,0.00569020276901413,0.00281850725652652,0.262005895668246,0.0193100887963127,0.00242388337671003,0.013287233428921,"avwiki","Wikipedia"
"aywiki",0.854541313001786,0.102289951442124,0.0361013436451856,0.0033321765894354,0.000761999422325671,0.00019574048471246,6.57208904119231e-05,0.00226121645182196,0.000450538072197554,"aywiki","Wikipedia"
"azbwiki",0.951576595752644,0.00596314809525105,0.0182491021758256,0.00147688859273269,0.0216946252264021,0.000589678261003487,1.78403587667734e-05,0.000323030508796495,0.000109091028578062,"azbwiki","Wikipedia"
"azwiki",0.0219196929441316,2.59348982704805e-08,6.64642577945205e-06,0.0053508738568686,1.32463561550945e-06,1.86431304538939e-05,0.972657534682462,1.32712541604017e-06,4.3931264374392e-05,"azwiki","Wikipedia"
"azwikibooks",0.155976250181523,0.248974024242812,0.00389675637414773,0.00163607370189068,0.00111407808269249,0.0108111988178475,0.410139862984852,0.000203657954001419,0.167248097660233,"azwikibooks","Wikibooks"
"azwikiquote",0.35472596039139,0.366599842551649,0.0163011700242096,0.0106700965505118,0.0897926638319241,0.152331154943442,0.0042934564801452,3.10523907269799e-05,0.0052546028360015,"azwikiquote","Wikiquote"
"azwikisource",3.54740751129355e-07,3.49221457718047e-07,3.49200958736477e-07,3.5241466974056e-07,3.49409552309993e-07,3.51362834800222e-07,0.99798823235449,3.49192249931711e-07,0.00200931210303612,"azwikisource","Wikisource"
"barwiki",0.871946186114036,0.0314195667181274,0.0525038977185211,0.0222654107666111,0.000713365245723128,0.0149266503468942,0.00339929513862285,0.000893842158768768,0.00193178579269578,"barwiki","Wikipedia"
"bat_smgwiki",0.861197031897278,0.0379572759371035,0.088508747211643,0.00672381046933119,0.00112520462451594,0.00311799276091115,0.000949069225235848,0.000186305458990557,0.000234562414990688,"bat_smgwiki","Wikipedia"
"bawiki",0.0363798561930733,0.430970011965375,0.000128983675099182,3.73651806912608e-05,0.000119700207067584,0.050387293180079,0.481800926300063,7.80500676031233e-08,0.000175785248484486,"bawiki","Wikipedia"
"bclwiki",0.762498222260631,0.0821765562284456,0.141194107787375,0.00430000224331447,0.000644197532149237,0.00474265513714783,0.000634693038321736,0.00029037187206687,0.00351919390054835,"bclwiki","Wikipedia"
"be_x_oldwiki",0.401184166882032,0.0496895669830243,0.000402678415240156,0.0744867731996317,7.86990167350676e-05,0.453850771455106,0.0176459478371382,4.93303356752413e-05,0.00261206587541668,"be_x_oldwiki","Wikipedia"
"bewiki",0.0112152173287187,0.0132311838321645,0.00122829985672222,0.00636809700766729,2.00097612328776e-06,5.68165901495725e-06,0.967842104192434,1.4382619388961e-06,0.000105976885216391,"bewiki","Wikipedia"
"bewikiquote",0.388599408278388,0.550504615503165,0.00172833636721539,0.0202980744400877,0.00382006011024802,0.00834965251583531,0.0138788344487461,1.25955474879071e-05,0.0128084227888272,"bewikiquote","Wikiquote"
"bgwiki",0.00665149596347018,0.820967289192811,0.140880231672004,0.027120632626436,0.000187480309323933,6.23808183393871e-05,0.000111270391438657,0.00388804415799221,0.000131174868184303,"bgwiki","Wikipedia"
"bgwikinews",0.128129910214178,0.420066661797754,0.228980700525006,0.190510087551641,0.00396014579391175,0.015849047332121,0.006812021901652,4.16851155276511e-05,0.00564973976820864,"bgwikinews","Wikinews"
"bgwikiquote",0.392777023059963,0.452462493977919,0.0607638848025029,0.0618248838475978,0.0060956324752831,0.00767799801824049,0.00342062453180558,2.56343367785772e-05,0.0149518249499092,"bgwikiquote","Wikiquote"
"bhwiki",0.679347073392641,0.0582503064180135,0.130251441746936,0.0606269344584311,0.000255685949490819,0.00853888701810052,0.0135704654958363,0.000246075771608989,0.048913129748942,"bhwiki","Wikipedia"
"biwiki",0.754372267677427,0.157828684028157,0.0682733310901165,0.00996108487976269,0.00260424819850892,0.000417019248909166,0.00262800834969227,0.00258129482234707,0.00133406170507956,"biwiki","Wikipedia"
"bjnwiki",0.617747789994974,0.0833143613703674,0.26809452688194,0.00767962709158762,0.000409700472916259,0.00189956857748174,0.0177718827375743,0.00181741460127786,0.00126512827188083,"bjnwiki","Wikipedia"
"bmwiki",0.657424166557446,0.101249592895872,0.228328775275698,0.00195781949958221,0.00222767725156465,0.00136515325520799,7.58288392996818e-05,0.00688604691458052,0.000484939510748517,"bmwiki","Wikipedia"
"bnwiki",0.828691602746646,0.0331993301117591,0.0708863382616235,0.0601639692236602,0.000818633970967258,0.00493348145666504,0.000536357291425518,0.000633229912774165,0.000137057024479502,"bnwiki","Wikipedia"
"bnwikibooks",0.0556358540311059,0.200037242248616,0.120536433808739,0.0343347358177779,0.274628119551193,0.0172542888972719,0.00251221706117834,7.08513555518311e-05,0.294990257228566,"bnwikibooks","Wikibooks"
"bowiki",0.828983421461541,0.0456845633627042,0.101728853498723,0.00479296595028906,0.00044423000970744,0.00380164149559368,3.99913164672885e-05,0.0141757237063284,0.00034860919864604,"bowiki","Wikipedia"
"bpywiki",0.786874255963495,0.0634532093695583,0.139033149772883,0.00458710391004032,0.0012432323284143,0.00360626152284008,0.000554695159271605,0.000201541970324818,0.000446550003171739,"bpywiki","Wikipedia"
"brwiki",0.798630803920491,0.00254027713207254,0.00355203179626502,0.043017923528741,0.143189567158967,0.00401613864988875,1.10258069730842e-05,0.0018691021264945,0.00317312988010666,"brwiki","Wikipedia"
"brwikisource",0.255425563196595,0.0025766808445848,3.20143446410644e-05,0.159848945396306,0.5781542025719,0.00332872373155496,0.000149161573885072,1.09634396647337e-05,0.000473744900868843,"brwikisource","Wikisource"
"bswiki",0.823000367894707,0.000158865930312183,0.0111745649628827,0.162652421481706,5.42365112455093e-05,0.00146319127209947,0.000217137474545806,3.61989452823568e-05,0.00124301552721911,"bswiki","Wikipedia"
"bswikinews",0.439158485902567,0.263680102562407,0.154628159561665,0.0840605042280965,0.00571886332904711,0.0358058307173777,0.000256360439358674,0.00804074615828832,0.00865094710119289,"bswikinews","Wikinews"
"bswikiquote",0.756402732815467,0.00885272623583755,0.204117654861727,0.0126438340879382,0.00263389342943307,0.00800525354692416,0.00155869842693689,5.41912325754335e-05,0.00573101536316058,"bswikiquote","Wikiquote"
"bugwiki",0.771441328951427,0.0579820584345011,0.0923251025906964,0.0456900228955241,0.000811637469707481,0.0300391788901052,0.000113935450208836,5.20603813725577e-06,0.00159152927969262,"bugwiki","Wikipedia"
"bxrwiki",0.263154369398467,0.0397103741862071,0.0198848774794797,0.00332765058481099,0.000246070191675852,0.658896205317093,0.000141140039293283,0.00574619580218429,0.00889311700078818,"bxrwiki","Wikipedia"
"cawiki",0.40150686024009,0.593832254224315,5.25093477350655e-06,0.00168301112381912,0.00177951120508267,7.55161081060883e-06,2.3378299456505e-06,0.00112169436398669,6.15284671766493e-05,"cawiki","Wikipedia"
"cawikinews",0.302107836994867,0.398549862083284,0.232500549817942,0.0326824373982936,0.00468505570220907,0.0246180430944653,0.000251403530065397,0.00219934851836881,0.00240546286050468,"cawikinews","Wikinews"
"cawikiquote",0.992765001747662,0.00394497477338692,0.00141716476657743,0.0009062780668296,8.14130039379547e-05,9.12717952617651e-05,3.37613424093545e-07,0.00070661289143997,8.69453414803437e-05,"cawikiquote","Wikiquote"
"cawikisource",0.999579582185466,0.000131638661330977,5.35877926224852e-06,9.4156083005326e-05,3.7588983481515e-05,5.38891302018311e-05,6.70457093907954e-06,7.74413580896804e-07,9.03071927322928e-05,"cawikisource","Wikisource"
"cbk_zamwiki",0.722010778159621,0.210811515388377,0.0508500496031497,0.00990555130506698,0.000396021687606697,0.000596766956887117,0.000121122169810441,0.00466181406438903,0.000646380665092594,"cbk_zamwiki","Wikipedia"
"cdowiki",0.579695694330316,0.028801435891814,0.0578189997836305,0.00210844508822909,0.000296016911596601,0.0029266363230061,0.000679305172551862,0.326947074812514,0.00072639168634144,"cdowiki","Wikipedia"
"cebwiki",0.662749561730702,0.173837464239923,0.00932374860090478,3.56227213787544e-05,0.108185613946647,0.0303383449597171,9.73493855066222e-06,0.0154984682642838,2.14405978930696e-05,"cebwiki","Wikipedia"
"cewiki",2.35275286302841e-08,1.3933803832557e-07,4.27534010713667e-06,7.88712279413615e-09,0.770945557897666,6.40310457851972e-06,0.229038904083065,6.47494031256061e-09,4.6823469540269e-06,"cewiki","Wikipedia"
"chrwiki",0.340657272843119,0.281575519788451,0.316702629108797,0.0475345019258327,0.00394037625712523,0.00132917076660065,0.000224969696300436,0.000991307913315081,0.00704425170045865,"chrwiki","Wikipedia"
"chwiki",0.721472344934395,0.235474038986585,0.028952111726073,0.00838459671881756,0.00153667996638255,0.00162318671069471,0.000261352772147461,6.69414032413528e-06,0.00228899404458115,"chwiki","Wikipedia"
"chywiki",0.683573441924733,0.216380559927791,0.0528301685657365,0.0194212447299603,0.00337794495104666,0.0014151369173248,0.000201148089528532,0.02091031032336,0.0018900445705192,"chywiki","Wikipedia"
"ckbwiki",0.871793415846807,0.00247867977869262,0.0424710276828641,0.0650000996365774,0.00014442219407856,0.00520028708124429,0.00526399154549954,0.000129538592941322,0.0075185376412953,"ckbwiki","Wikipedia"
"commonswiki",2.7890427429296e-08,9.53861606099734e-08,4.78695203828147e-07,1.81757027664361e-08,1.03871047313256e-08,1.51867217343967e-08,2.01668861173102e-08,1.10589003595814e-08,0.999999323052893,"commonswiki","Commons"
"cowiki",0.871146374574517,0.0405475483725752,0.0392632818740528,0.0432622311310356,0.000832025237367813,0.00330367613683488,4.08817743257255e-05,0.000868922379935321,0.000735058519355418,"cowiki","Wikipedia"
"crhwiki",0.560207837022625,0.0810102629479576,0.0442299171614145,0.0458280014781509,0.000230918571687529,0.257565018228075,0.00987096005177605,0.00028791423809857,0.000769170300214326,"crhwiki","Wikipedia"
"crwiki",0.765824550382332,0.116841444283928,0.0797339934454188,0.0206447671740675,0.00318242061456646,0.00943736635026369,0.000440815827207561,2.17279739398566e-05,0.00387291394827679,"crwiki","Wikipedia"
"csbwiki",0.751322053389542,0.0848503433511677,0.0839493276667306,0.0158359930928206,0.00322606570451131,0.00939114896997788,0.000109103862248628,0.00129578383084638,0.0500201801321548,"csbwiki","Wikipedia"
"cswiki",0.899814531975699,0.0620477223750863,0.000852262288861835,0.00990639316037676,0.0263930758180966,3.01215432593826e-06,1.77874823064335e-05,0.000741235659632077,0.000223979085615621,"cswiki","Wikipedia"
"cswikibooks",0.000244200244200244,0.000244200244200851,0.000244200244200257,0.998046398046397,0.000244200244200829,0.000244200244200298,0.000244200244200253,0.000244200244200244,0.000244200244200311,"cswikibooks","Wikibooks"
"cswikinews",0.210997625901612,0.400893051095481,0.317759569258915,0.0224026160941389,0.00434749488080145,0.0392096189261729,0.000285742721011986,0.00130539964748114,0.0027988814743845,"cswikinews","Wikinews"
"cswikiquote",0.701440018406539,0.134698859047923,0.0728680202261608,0.0652060119967371,0.00120855221388163,0.00186005938884,0.0118201243300815,0.00830350579709868,0.00259484859273883,"cswikiquote","Wikiquote"
"cswikisource",0.971217149596359,5.12261784664985e-05,1.94983635816984e-06,0.000228298621859299,0.0282877980368776,5.8712568700141e-05,1.11500643288126e-05,8.26653962294469e-07,0.000142888443088002,"cswikisource","Wikisource"
"cuwiki",0.731166052315364,0.13922096253645,0.0837163103719981,0.0286619563994671,0.00810820737377592,0.00104914986034936,0.000353739568637533,0.00269709304182331,0.00502652853213465,"cuwiki","Wikipedia"
"cvwiki",0.912870189609028,0.0121704835170483,0.039103632857461,0.00431242116676814,0.0289774393416242,0.00124794172798237,0.000325967450360741,0.000503925632025299,0.00048799869770163,"cvwiki","Wikipedia"
"cywiki",0.982701447041766,0.00286500677828275,0.00121534854733606,0.00445816352539665,2.38220699757821e-05,0.00104737252253354,0.000477623464473145,0.000507079865246899,0.00670413618498902,"cywiki","Wikipedia"
"dawiki",0.0734798083849389,0.159828321120955,0.00185548060118425,0.0233611124413457,0.735865272545002,0.000597270159407729,0.000140259833401269,0.00437356338882626,0.00049891152493926,"dawiki","Wikipedia"
"dawikiquote",0.185737632172151,0.0692926853962913,0.0206089274835412,0.00914687790776979,0.676976746110549,0.0208866659597282,0.00567321922111138,3.66441775411004e-05,0.0116406015713166,"dawikiquote","Wikiquote"
"dewiki",0.112731240494653,0.840746514812228,0.00310481890546918,0.0107754999102665,0.0298190030745417,0.00017520652728378,0.000121680862232762,0.0022176166884176,0.000308418724906786,"dewiki","Wikipedia"
"dewikibooks",0.380275768389666,0.485420036618512,0.0854070589358288,0.0106340591334812,0.0077800443870403,0.0110307222240984,0.00220522568647999,0.000102484376902559,0.0171446002479916,"dewikibooks","Wikibooks"
"dewikinews",0.74645409939448,0.0292692469785964,0.0768892500216005,0.106164061379253,0.00441088498722657,0.00978225524028542,7.51641356360778e-05,0.0261526239012489,0.000802413961674033,"dewikinews","Wikinews"
"dewikiquote",0.829185610451285,0.0955077793316249,0.0193005798478944,0.0102430182843744,0.00494189473195867,0.00245397698696106,0.000148423682090743,0.00677483692229827,0.031443879761512,"dewikiquote","Wikiquote"
"dewikisource",0.944415508364417,0.0255809834352612,0.0227512861183638,0.0044407622419735,0.000621852048444011,0.000368086006311863,2.59749861499506e-05,5.72858410530809e-07,0.00179497394066852,"dewikisource","Wikisource"
"dewikivoyage",0.380159280150651,0.570705778123609,0.0462561304619263,2.78680822001393e-05,0.000156345871304751,7.89155786717612e-06,1.9784327864312e-08,0.0026828112532183,3.87471489542583e-06,"dewikivoyage","Wikivoyage"
"dinwiki",0.356737684621918,0.17925220319277,0.380540198609029,0.00431855018749551,0.000748111131763031,0.0050538389984543,0.0723402904255282,3.44691539270179e-05,0.000974653679114746,"dinwiki","Wikipedia"
"diqwiki",0.852105380788403,0.0384188286238273,0.0897070188392634,0.0114467830252575,0.000509813451892321,0.00308824590994673,0.000239109327387432,0.000189506895097841,0.00429531313892476,"diqwiki","Wikipedia"
"dsbwiki",0.837028433069829,0.0535686198951742,0.0998991195731305,0.00390832338938434,0.00108933709910483,0.00351506966698402,0.000332823198553778,0.000195208818777479,0.000463065289062441,"dsbwiki","Wikipedia"
"dtywiki",0.634201506766626,0.133453467919984,0.212056172621959,0.00478047053271643,0.000707099052078991,0.00893127057393029,0.0047507779539696,0.000334093380690115,0.000785141198045388,"dtywiki","Wikipedia"
"dvwiki",0.597247133774402,0.146677421870541,0.243100847049559,0.00304803291276754,0.000697547762436847,0.00807191985297974,7.4248599646677e-05,0.000228854228262906,0.00085399394940356,"dvwiki","Wikipedia"
"dzwiki",0.273845204648669,0.388407946717316,0.319145698946841,0.00494709272588156,0.0063445677247249,0.00431807896961458,0.000265057882434989,8.87405794465131e-05,0.00263761180507013,"dzwiki","Wikipedia"
"eewiki",0.471906681280187,0.24694997169175,0.269823687549181,0.00683488203060811,0.0022205576351551,0.000634270762285227,0.000108286591826852,0.000370744853433354,0.00115091760557273,"eewiki","Wikipedia"
"elwiki",0.670097798101165,0.287859346738264,0.01440074913784,0.019622369003498,0.00582907025115354,0.00154877486468138,8.2191374326658e-05,0.00025349942566997,0.000306201103401996,"elwiki","Wikipedia"
"elwikinews",0.0490167784787106,0.528546850298408,0.349954039012944,0.00958787016575591,0.00374551033153105,0.0549510772133936,0.000318057681076628,0.00175209903278737,0.00212771778539244,"elwikinews","Wikinews"
"elwikiquote",0.773643843795358,0.196228540056098,0.00277775101713869,0.00769098254940669,0.00313994594053938,0.0103344423978736,0.00229996337550869,2.96703065291746e-05,0.0038548605615473,"elwikiquote","Wikiquote"
"elwikivoyage",0.778304704676698,0.0683553188411761,0.14037752996324,0.00569455760529554,0.000667633220139346,0.00583030724098935,5.96366737121606e-05,0.000194216994681847,0.00051609478406772,"elwikivoyage","Wikivoyage"
"emlwiki",0.913954566753547,0.0512047306098762,0.0146305462502915,0.0133365729297504,0.00320444665940043,0.000262969895934242,4.54299246513975e-05,0.00235934374756408,0.00100139322898478,"emlwiki","Wikipedia"
"enwiki",0.154203073902141,0.71957988956899,0.07084701377908,0.015264905305399,0.0135868631919986,0.00175520218643301,0.000632538545373292,0.0144729884303325,0.00965752509025293,"enwiki","Wikipedia"
"enwikibooks",0.295537609741795,0.0247850740311561,0.0515255108446195,0.00327210363703703,0.0374530083326613,0.00364147739147056,0.000215018999004735,0.489472371879574,0.0940978251426814,"enwikibooks","Wikibooks"
"enwikinews",0.805141423466158,0.0523876626590009,0.0842042896205207,0.0431950713911092,0.00392053450966063,0.00943394108228205,7.31331628274224e-05,0.000894599403256817,0.000749344705183833,"enwikinews","Wikinews"
"enwikiquote",0.739129867929534,0.131517343347906,0.100018457736035,0.0139047105307016,0.00212683779559432,0.0109548706313453,9.17466474147073e-05,0.00144517083020218,0.000810994551266176,"enwikiquote","Wikiquote"
"enwikisource",0.675598249529082,0.0058944794133277,0.0416792823164235,0.0220707612560512,0.048237884940333,0.202715237341181,0.000518852123227175,2.91477325800432e-05,0.00325610534779433,"enwikisource","Wikisource"
"enwikivoyage",0.929074822023633,0.00404659062556497,0.00632345289412849,0.000326215178267883,0.000129195984680664,0.000956799539424321,0.00047009614835275,0.0573539925619358,0.00131883504401163,"enwikivoyage","Wikivoyage"
"eowiki",0.113482765872997,0.670981895662155,0.0463128927461037,0.132675401406775,0.0255436432316893,0.00118582283927593,0.000326237210297904,0.00778848487726158,0.00170285615344492,"eowiki","Wikipedia"
"eowikinews",0.743912295153666,0.0923465836118184,0.119338814356569,0.0113114866904899,0.00359458484918059,0.00816501595955184,0.00215666815011469,0.010790263642686,0.00838428758592381,"eowikinews","Wikinews"
"eowikiquote",0.556943600170443,0.328011101492688,0.0875389461813846,0.0101989919904172,0.00258389850106635,0.00564104399039469,0.00205380942293299,2.94770108433315e-05,0.00699913123983064,"eowikiquote","Wikiquote"
"eowikisource",0.999869613865747,6.55278101841568e-06,2.91222713683908e-07,2.31533672082122e-05,2.57346193236248e-05,2.81104322334719e-05,3.02258347934143e-05,2.56835044154805e-07,1.60610419185363e-05,"eowikisource","Wikisource"
"eswiki",0.0695498040061084,0.920866851536606,0.00922386050618263,4.19586530952781e-06,7.31326367902409e-07,1.57345726628553e-05,3.97390022032034e-05,0.000280445323739382,1.86378608199127e-05,"eswiki","Wikipedia"
"eswikibooks",0.000244200244200249,0.000244200244200245,0.000244200244200244,0.000244200244200244,0.000244200244200244,0.000244200244200245,0.998046398046397,0.000244200244200244,0.000244200244200244,"eswikibooks","Wikibooks"
"eswikinews",0.550818487765154,0.130804295563015,0.1473021191373,0.147385459182426,0.000796675470795862,0.0186493525585454,0.00295650814518363,0.000709034096777217,0.000578068080802982,"eswikinews","Wikinews"
"eswikiquote",0.5517469295383,0.402045778569389,0.0341206909629605,0.00171463665656585,0.00108591305675431,0.000747045886033931,0.000135922784270393,0.00776010906375654,0.000642973481969887,"eswikiquote","Wikiquote"
"eswikisource",0.0219854047513933,0.977652807249801,0.000190185315763218,3.68955011093912e-05,4.47525829472751e-05,4.08139364996102e-05,2.21033772319911e-05,1.9877830030989e-05,7.15945522313133e-06,"eswikisource","Wikisource"
"eswikivoyage",0.916718065435574,0.0259066776795948,0.0531465818170895,0.0022964258751398,0.000275659674273765,0.00121337524936388,2.18903661483945e-05,0.000195602919629786,0.000225720983186258,"eswikivoyage","Wikivoyage"
"etwiki",0.791732335835203,3.938809135464e-05,0.00345212760819068,0.0418636543516164,0.150277386502961,0.00312148589397302,0.00116039550767535,0.00768651209578151,0.000666714113244185,"etwiki","Wikipedia"
"etwikibooks",0.000244200244200249,0.000244200244200244,0.000244200244200244,0.000244200244200248,0.000244200244200244,0.00024420024420027,0.998046398046397,0.000244200244200244,0.000244200244200244,"etwikibooks","Wikibooks"
"etwikiquote",0.0116889264629492,0.53683490025878,0.0178493789174425,0.181984683738036,0.00733879629174723,0.00632043724992846,0.0427431556004335,0.000131113968862792,0.195108607511821,"etwikiquote","Wikiquote"
"euwiki",0.713663007832786,0.237040205528433,0.001250175625179,0.0424979535625237,4.14151482244219e-05,0.00223198982138308,2.18331845843561e-06,0.00314069652293538,0.000132372640076688,"euwiki","Wikipedia"
"euwikiquote",0.998046398046398,0.00024420024420025,0.000244200244200246,0.000244200244200259,0.000244200244200255,0.000244200244200257,0.000244200244200256,0.000244200244200246,0.000244200244200244,"euwikiquote","Wikiquote"
"extwiki",0.832582680059566,0.0524871839568766,0.0995139927232163,0.00918639667876061,0.000443727624301705,0.00486188750125159,0.000305847040853805,0.000235151184473998,0.00038313323069921,"extwiki","Wikipedia"
"fawiki",0.232175632345346,0.183272185714222,0.096970509518764,0.0016126843350642,0.0545398184045711,0.400136551711203,0.00264239262420279,0.026687707803327,0.00196251754329966,"fawiki","Wikipedia"
"fawikinews",0.292137317546063,0.373939273812479,0.29763353069176,0.00599170546990914,0.00212029526224448,0.0254441881230623,0.000172850353522312,0.000944180410946032,0.00161665833001338,"fawikinews","Wikinews"
"fawikiquote",0.472330376030782,0.268616258428131,0.228233362289982,0.00246155700274804,0.00123311416800077,0.0264523371568274,9.21854815645465e-05,3.22571354017583e-05,0.000548552306562941,"fawikiquote","Wikiquote"
"fawikisource",0.998046398046397,0.000244200244200262,0.00024420024420025,0.000244200244200446,0.000244200244200376,0.000244200244200967,0.000244200244200295,0.00024420024420025,0.000244200244200264,"fawikisource","Wikisource"
"fawikivoyage",0.973933175674485,0.00711242456461415,0.0165580931551932,0.00105028734500713,0.000179654007154533,0.000242704133674239,3.47644886023248e-06,0.000834180236417696,8.60044345936944e-05,"fawikivoyage","Wikivoyage"
"ffwiki",0.465244497365218,0.263290586492346,0.19986427508086,0.0591590765875747,0.00393055496639605,0.000692788485391755,0.000248525635945584,0.00183249568205879,0.00573719970420985,"ffwiki","Wikipedia"
"fiu_vrowiki",0.744850182955242,0.0857736367994025,0.149335756807854,0.0119694809481946,0.00069942751104408,0.00663719008878683,6.60794813280663e-05,0.000242257145530426,0.000425988262616819,"fiu_vrowiki","Wikipedia"
"fiwiki",0.73495991970549,0.000135385330472157,0.0457639159636107,0.0549353109129393,0.138535555080102,0.00117651590140276,0.00221442162226557,0.0215169991070912,0.000761976376626802,"fiwiki","Wikipedia"
"fiwikibooks",0.998046398046397,0.000244200244200284,0.000244200244200244,0.000244200244200266,0.000244200244200439,0.000244200244200377,0.000244200244200299,0.000244200244200244,0.000244200244200244,"fiwikibooks","Wikibooks"
"fiwikinews",0.0875270271787573,0.549610905618869,0.320182943253709,0.0229619800938126,0.00839642098763648,0.0055332784969885,0.000410175518165649,0.00358762521995158,0.0017896436321093,"fiwikinews","Wikinews"
"fiwikiquote",0.505095965581479,0.359927542455907,0.0895175869186564,0.00937690881028581,0.00337345182118427,0.029988048248019,0.00108334607746373,2.02422351997343e-05,0.00161690785180451,"fiwikiquote","Wikiquote"
"fiwikivoyage",0.90774256096979,0.0336942676939296,0.0518816860458947,0.00435425439230907,0.000342000323622675,0.00151224164263213,2.34073139705554e-05,0.000242955409376447,0.000206626208475212,"fiwikivoyage","Wikivoyage"
"fjwiki",0.775276401445663,0.160800394116861,0.0350093686958944,0.00422816086803796,0.0003600601437942,0.000986302927868497,0.00014946904090612,0.0167255046244789,0.00646433813649581,"fjwiki","Wikipedia"
"fowiki",0.106392898472013,0.0168289314106905,0.00694191515039032,0.0202505646356904,0.846963257259361,0.00226518710939666,1.34318041675306e-05,8.86423710606836e-05,0.000255171787229232,"fowiki","Wikipedia"
"frpwiki",0.623376752790603,0.109972366094544,0.0737494844782463,0.189877472456067,0.000419949587804748,0.00217060224459196,2.29291826507248e-05,0.00010796174746993,0.000302481418021871,"frpwiki","Wikipedia"
"frrwiki",0.865595662070305,0.0451956250663162,0.0778586240602461,0.00429826102684164,0.00121047085736964,0.00476303986345277,7.01397447202619e-05,0.000241714639354808,0.000766462671393109,"frrwiki","Wikipedia"
"frwiki",0.00223570089160467,0.0950575661016767,0.0186129205633395,0.883143532922362,1.22708844361953e-06,1.74776854239287e-05,8.6901239137064e-07,0.000905707634915798,2.49980998419509e-05,"frwiki","Wikipedia"
"frwikinews",0.224222169167,0.339620924391226,0.0405542401478481,0.259697279816788,0.132572952956667,0.00309866700223486,4.94599022790387e-06,0.00015934326344051,6.94772645680212e-05,"frwikinews","Wikinews"
"frwikiquote",0.685511020641012,0.0568413286316622,0.028102903624201,0.195125587316963,0.000644875794935879,0.00292344252423665,0.0220422844125217,0.00786826938177919,0.000940287672688721,"frwikiquote","Wikiquote"
"frwikisource",0.00420555904651811,0.00553854781239688,0.000247541269802016,0.000648913841031505,0.989012868909764,0.000300089691825185,1.23410172529399e-05,2.9285289419359e-07,3.38455585149775e-05,"frwikisource","Wikisource"
"frwikivoyage",0.21997156815,0.330955210507108,0.100872378402415,0.345310254630741,0.000540053036182278,0.000119941144443049,8.7025310223628e-08,0.00190617401279398,0.000324333091005371,"frwikivoyage","Wikivoyage"
"furwiki",0.696669378920855,0.11365468515025,0.0486954244032999,0.13031002078598,0.00157925225748364,0.00174265403664599,0.00406051367617455,1.47583361370127e-06,0.00328659493569754,"furwiki","Wikipedia"
"fywiki",0.953958136185158,0.0106492234799112,0.0231657788220372,0.00602861401410911,0.000644671660060925,0.000824438192066458,0.000203230823518476,0.000212363745184116,0.00431354307795409,"fywiki","Wikipedia"
"gagwiki",0.755952288200369,0.0780797458773677,0.153571497541071,0.00320119685116699,0.000818660580512975,0.00464289390164407,6.15591221255577e-05,0.000192960833924249,0.00347919709181905,"gagwiki","Wikipedia"
"ganwiki",0.637808817615621,0.140539768568047,0.0947844592364758,0.00538430634072324,0.0072693605017936,0.00165234251601789,0.000177138829087086,0.0992744669799365,0.0131093394122975,"ganwiki","Wikipedia"
"gawiki",0.962252600108308,0.00209348221861934,0.0155539792045249,0.015433126392859,7.61570556657827e-05,0.00074103762132206,0.000714171751609996,0.000185842223073429,0.00294960342401704,"gawiki","Wikipedia"
"gdwiki",0.905673121496401,0.0515499265146942,0.0145253615650647,0.0250643575714186,0.000178694286054988,0.0028543405736028,4.52623864833487e-06,8.51128123827878e-05,6.45589417327603e-05,"gdwiki","Wikipedia"
"glkwiki",0.687931436259438,0.202401116421419,0.0947203082091634,0.00170765153127069,0.00086620023297823,0.00837300034359039,0.000964857074380624,1.14455345873215e-05,0.00302398439317289,"glkwiki","Wikipedia"
"glwiki",0.862556662814843,0.000151685509327203,0.00330796172844987,0.117701931921196,9.90444252214657e-05,0.0064452256118212,0.00721997212509475,5.42703138522508e-05,0.00246324555019398,"glwiki","Wikipedia"
"glwikiquote",0.661367730027031,0.00125919080713943,0.329357518559043,0.00331345838527501,0.00125957539622912,0.00153678886470382,0.000542478957947769,0.000114511264634614,0.00124874773799648,"glwikiquote","Wikiquote"
"glwikisource",0.998046398046397,0.000244200244200336,0.000244200244200247,0.000244200244200354,0.000244200244200251,0.000244200244200932,0.000244200244200245,0.000244200244200245,0.000244200244200244,"glwikisource","Wikisource"
"gnwiki",0.771602635534283,0.094301157518328,0.119130098966054,0.00870690451280476,0.000770178819280898,0.00456686844557867,6.54720381235545e-05,0.000399110653363495,0.000457573512183276,"gnwiki","Wikipedia"
"gomwiki",0.514347564793242,0.216812173375262,0.244229590334232,0.00623140278957,0.00113072045119498,0.0151962445515462,9.67825762349188e-05,0.000377219405122522,0.00157830172359532,"gomwiki","Wikipedia"
"gotwiki",0.666439796769761,0.210715176949573,0.0823110398734643,0.0128422242761419,0.0190001473252445,0.0011332972464807,0.000394528752799866,5.33410353841115e-06,0.00715845470299673,"gotwiki","Wikipedia"
"guwiki",0.676527138587202,0.0685210492779939,0.108651617359576,0.116914296858392,0.000383100291560924,0.0207503308284794,0.00345305625115852,0.00038118862143751,0.00441822192419956,"guwiki","Wikipedia"
"guwikiquote",0.000244200244200255,0.000244200244201091,0.998046398046397,0.000244200244200411,0.000244200244200244,0.000244200244200412,0.000244200244200274,0.000244200244200244,0.00024420024420028,"guwikiquote","Wikiquote"
"guwikisource",0.225361750094,0.0282691269384459,0.738950156475571,0.00169972895561988,0.000389289905297052,0.00466609934330984,0.000250565988749748,1.1330076268796e-05,0.000401952222737238,"guwikisource","Wikisource"
"gvwiki",0.856122838621364,0.0366860497532754,0.0876613944382881,0.0143509087782542,0.000453299472633461,0.00401615475688796,5.77126717156016e-05,0.000333430335232752,0.000318211172348524,"gvwiki","Wikipedia"
"hakwiki",0.840034148219438,0.0166489971897269,0.0413664952980744,0.00241125522044352,0.000228461076532238,0.000920688385034488,0.000230961912500174,0.0976690793585689,0.000489913339681488,"hakwiki","Wikipedia"
"hawiki",0.404418047017656,0.286865288254077,0.25869113772152,0.0222294958216168,0.00187017566955665,0.0232154844867942,0.000150876414755088,0.000850167964218081,0.00170932664980691,"hawiki","Wikipedia"
"hawwiki",0.708322268428469,0.124114905831231,0.132624819632396,0.015961739124156,0.00261065065376057,0.0126722740837506,0.000121837917045438,0.00134367409961041,0.0022278302295814,"hawwiki","Wikipedia"
"hewiki",0.576422882072988,0.359520116100232,0.0074825863272958,0.0455900762397302,2.49583492935998e-05,0.00241371765263989,0.000728513867830835,0.00721338992674363,0.000603759463245805,"hewiki","Wikipedia"
"hewikinews",0.0616739240505898,0.514103439283432,0.291483901849499,0.0703848700372866,0.0320868101058502,0.010115735515935,0.000743009178794584,0.0155271156778916,0.00388119430072102,"hewikinews","Wikinews"
"hewikiquote",0.594946422225855,0.132479325070196,0.0606975018611723,0.170366427902121,0.00193149067088144,0.0107023495483882,0.000858061842373837,0.0251919176019938,0.00282650327701798,"hewikiquote","Wikiquote"
"hewikisource",0.986256603647354,0.00064919190727667,2.60837140702585e-05,0.00418988277074601,0.00154653249667686,0.00304712520940511,0.000796915167633012,1.76751887712558e-05,0.00346998989806659,"hewikisource","Wikisource"
"hewikivoyage",0.832136511511191,0.135143568427161,0.0304608822356007,0.000325372769142799,0.000188314367371864,0.00139427137214162,1.48944556628509e-06,0.000236910191978399,0.000112679679845911,"hewikivoyage","Wikivoyage"
"hifwiki",0.849534293376169,0.0292527920767342,0.093219075866433,0.0226131659535938,0.000305351998857868,0.00440687491981113,0.000223510190711465,0.000199540468941221,0.000245395148748698,"hifwiki","Wikipedia"
"hiwiki",0.946023357154199,0.00469782523592681,0.0265713800868818,0.0208649836595698,0.000196338274841903,0.00116861371439538,0.000107555755261986,0.000318058652943755,5.18874659793858e-05,"hiwiki","Wikipedia"
"hiwikiquote",0.00217749648075664,0.454223942186743,0.458765281457427,0.0087505379621598,0.00280673766429322,0.00521088027381943,0.000620489854963814,0.0661963572830486,0.00124827683678936,"hiwikiquote","Wikiquote"
"hrwiki",0.879068834778348,9.21692177871902e-05,0.00341551880604544,0.114923612100678,4.0197715607311e-05,0.000327592190171986,0.00148874496491817,7.1887050684685e-05,0.000571443175759038,"hrwiki","Wikipedia"
"hrwikibooks",0.998046398046397,0.00024420024420025,0.000244200244200246,0.000244200244200251,0.000244200244200244,0.00024420024420068,0.00024420024420027,0.000244200244200246,0.000244200244200244,"hrwikibooks","Wikibooks"
"hrwikiquote",0.501107050034876,0.138042716704431,0.157433130845237,0.0204094637896656,0.015793863511294,0.15882017863034,0.00119782266378134,3.53042189325424e-05,0.00716046960144358,"hrwikiquote","Wikiquote"
"hsbwiki",0.893236749574004,0.0109895833087905,0.0435742656312692,0.000847521262031903,0.0467048341504344,0.00415150993270062,0.000131924227991857,0.000177911101115492,0.000185700811661858,"hsbwiki","Wikipedia"
"htwiki",0.895676964975875,0.0321222991785051,0.0656529406304734,0.0033344292204633,0.000370092983345892,0.00243938635799835,2.54937100605485e-05,0.000198850789432962,0.000179542153845431,"htwiki","Wikipedia"
"huwiki",0.025123136904069,0.0983371188463158,3.90685057035588e-05,0.0251002903211269,0.851392041604744,1.53513830518792e-06,4.76797997957013e-07,3.49327595228223e-06,2.83860578542761e-06,"huwiki","Wikipedia"
"huwikinews",0.367183753732613,0.318617355098778,0.244059736475214,0.0187155016866102,0.00792572923638806,0.0389963403951126,0.000444576207776907,0.00020159571696157,0.00385541145054613,"huwikinews","Wikinews"
"huwikiquote",0.35292069169474,0.0918823051804372,0.0427333862842922,0.267492037812422,0.232056512936388,0.00515289920060159,0.000829615975030129,2.68602900714925e-05,0.00690569062601815,"huwikiquote","Wikiquote"
"huwikisource",0.0456815520909678,0.00249085617668456,0.000200663240962045,0.00569804480471308,0.931699099829657,0.00989196533288531,0.00145125736656187,0.000172585413638038,0.00271397574393053,"huwikisource","Wikisource"
"hywiki",4.08143102734743e-06,9.27269053949265e-06,3.56788855584049e-06,8.32779263420553e-07,6.72477248598412e-07,0.0790732406703921,0.920842998372493,3.51107944803399e-07,6.49825825357903e-05,"hywiki","Wikipedia"
"hywikiquote",0.435156687022057,0.368410353299418,0.133884180028092,0.0102790755602629,0.0419584025630665,0.00352827602426006,0.00243953303257148,1.78004850522834e-05,0.00432569198521963,"hywikiquote","Wikiquote"
"iawiki",0.686382698821059,0.275404142262966,0.0253228651520061,0.000186033934326106,0.00413744400596953,4.79247629836535e-05,0.000320722213701843,0.00817268216821452,2.54866787739286e-05,"iawiki","Wikipedia"
"idwiki",0.835243164555856,5.97251619573009e-05,0.00230886720247511,0.136189467231102,0.000390530916775394,0.00292220352156093,0.00309818268216745,0.0176377852294595,0.00215007349864618,"idwiki","Wikipedia"
"idwikibooks",0.98491402632156,0.000532605901447863,0.000155728983153966,0.000967346760873553,0.0022469976516881,0.0063536254301398,0.0046609267982252,0.000107394489799803,6.13476631114838e-05,"idwikibooks","Wikibooks"
"iewiki",0.942663209186809,0.0153827274167385,0.0371020328479275,0.00300610524632088,0.000288013308908815,0.000943774595927175,0.000218192270045651,0.000248398847123342,0.000147546280198949,"iewiki","Wikipedia"
"igwiki",0.619712459887649,0.154450441310478,0.192475431177327,0.0144412323198284,0.00231190246016568,0.000618538087974983,0.00366835184407049,1.27663171567664e-06,0.0123203662807912,"igwiki","Wikipedia"
"ikwiki",0.890586604662949,0.0383328791095927,0.0585965979125719,0.0067996282239663,0.00413055140024691,0.000476380135362971,0.000409459256095913,3.82246443410844e-06,0.00066407683478058,"ikwiki","Wikipedia"
"ilowiki",0.664900219936984,0.297639403059124,0.0233410069476877,0.000192768703209153,0.00021104066779625,0.00105341216771149,0.00747462202269852,0.00167641746459008,0.00351110903019923,"ilowiki","Wikipedia"
"iowiki",0.576496413256764,0.406174276470685,0.0137208122250793,0.000318226165420736,0.000380914376149376,0.000113611172535821,0.000115257311202334,0.000658810841948032,0.00202167818021573,"iowiki","Wikipedia"
"iswiki",0.961412537711144,0.00274413840518285,0.0166145438214891,0.0176784745386827,0.000175002397815349,0.000863630930750094,0.000197703986671576,0.000171686616918307,0.000142281591345628,"iswiki","Wikipedia"
"iswikibooks",0.383518963292423,0.347930361756199,0.0993341338813547,0.00451885933631685,0.151386623371853,0.00720938147525939,0.00106605193469962,4.59041891920972e-05,0.00498972076270268,"iswikibooks","Wikibooks"
