"","topic1","topic2","topic3","topic4","topic5","project","projecttype"
"aawiki",0.996776374471093,0.000681868238531008,0.00201567850529192,0.000123966912285811,0.000402111872798191,"aawiki","Wikipedia"
"aawikibooks",0.994705476143495,0.000190760650149438,0.00390657340402679,0.000300940536377551,0.000896249265951552,"aawikibooks","Wikibooks"
"abwiki",0.730738910104097,0.268475707331829,0.000723791269215259,1.87934291611497e-05,4.27978656979354e-05,"abwiki","Wikipedia"
"acewiki",0.700190922886927,0.299483924662424,0.000276647803920417,1.65845454599969e-05,3.19201012688783e-05,"acewiki","Wikipedia"
"adywiki",0.934805816313181,0.062407330384014,0.00214467134527792,0.000215783204553543,0.000426398752973388,"adywiki","Wikipedia"
"afwiki",0.114208746232028,0.884108876242117,1.40235439479536e-05,1.56916175201479e-06,0.00166678482015513,"afwiki","Wikipedia"
"afwikibooks",0.998720056187209,8.50668431459719e-05,0.000950274150699324,4.98246136261041e-05,0.000194778205319481,"afwikibooks","Wikibooks"
"afwikiquote",0.822538286961909,0.175671238283679,0.00103483625340925,0.000161527040100172,0.000594111460902835,"afwikiquote","Wikiquote"
"afwiktionary",0.999733338974184,0.000189072107859963,3.46318665356151e-05,1.01932838067232e-05,3.27637676140563e-05,"afwiktionary","Wiktionary"
"akwiki",0.998154221545868,0.00166429086833595,9.41378494482884e-05,2.21074382733959e-05,6.52422980740973e-05,"akwiki","Wikipedia"
"akwikibooks",0.994705476143495,0.000190760650149438,0.00390657340402679,0.000300940536377551,0.000896249265951552,"akwikibooks","Wikibooks"
"alswiki",0.24097100726341,0.75896163793828,3.58896517757223e-05,9.15827886010806e-06,2.23068676744884e-05,"alswiki","Wikipedia"
"alswikibooks",0.994705476143495,0.000190760650149438,0.00390657340402679,0.000300940536377551,0.000896249265951552,"alswikibooks","Wikibooks"
"alswikiquote",0.998984771573604,0.000253807106598985,0.000253807106599014,0.000253807106598986,0.000253807106598993,"alswikiquote","Wikiquote"
"amwiki",0.538722856195372,0.461004346380128,0.00023749863164291,1.40518331577673e-05,2.12469596991963e-05,"amwiki","Wikipedia"
"amwikiquote",0.995158048871994,0.0011296165477647,0.00273201434256158,0.000254670167802621,0.000725650069877287,"amwikiquote","Wikiquote"
"amwiktionary",0.999240368801595,0.000229847464216078,0.000383446141017303,3.74406565915357e-05,0.000108896936580536,"amwiktionary","Wiktionary"
"angwiki",0.374479799071569,0.567312073475647,0.0582070285608427,3.84944722248791e-07,7.13947218800106e-07,"angwiki","Wikipedia"
"angwikibooks",0.996848986586392,8.95772693956787e-05,0.00238137496085731,0.000181603771818016,0.000498457411536818,"angwikibooks","Wikibooks"
"angwikiquote",0.991625163453186,0.00478598644756615,0.00207797317391018,0.000344070819645313,0.00116680610569215,"angwikiquote","Wikiquote"
"angwikisource",0.994705476143495,0.000190760650149438,0.00390657340402679,0.000300940536377551,0.000896249265951552,"angwikisource","Wikisource"
"angwiktionary",0.998828828333656,0.000738566904471379,0.000225804447722491,5.07431470294111e-05,0.000156057167120589,"angwiktionary","Wiktionary"
"anwiki",0.0577649490279605,0.434169435368234,0.477507956440558,0.0305189404147912,3.87187484562907e-05,"anwiki","Wikipedia"
"anwiktionary",0.999530639875819,0.000308177427991994,8.57624622731116e-05,1.82506047617614e-05,5.71696291536107e-05,"anwiktionary","Wiktionary"
"arcwiki",0.877457896774361,0.122310460591595,0.000162682295725833,1.8359184335695e-05,5.06011539830335e-05,"arcwiki","Wikipedia"
"arwiki",0.000169699987513993,0.0369000644884318,0.0212629350809519,0.428952259257752,0.51271504118535,"arwiki","Wikipedia"
"arwikibooks",0.993730258687423,0.00569030856877664,0.00037040790980393,4.83897640530661e-05,0.000160635069943753,"arwikibooks","Wikibooks"
"arwikinews",0.5852071672468,0.414324751736071,0.000338263560137231,3.06921975087322e-05,9.91252594834922e-05,"arwikinews","Wikinews"
"arwikiquote",0.0454661669957076,0.152055352679553,0.802477192133157,3.67188146389109e-07,9.21003435717796e-07,"arwikiquote","Wikiquote"
"arwikisource",0.259364673540776,0.037765028522338,0.702868262929345,6.94463864446663e-07,1.34054367643847e-06,"arwikisource","Wikisource"
"arwiktionary",0.690751903719202,0.309008938956384,0.000124848602871628,2.59259307564903e-05,8.83827907854277e-05,"arwiktionary","Wiktionary"
"arzwiki",0.0753872625342373,0.426678388628722,0.497933945598861,1.36182086199121e-07,2.67056093739747e-07,"arzwiki","Wikipedia"
"astwiki",0.0994719221259107,0.688263976731501,0.21226346587955,1.7251437803683e-07,4.62748659770175e-07,"astwiki","Wikipedia"
"astwikibooks",0.994705476143495,0.000190760650149438,0.00390657340402679,0.000300940536377551,0.000896249265951552,"astwikibooks","Wikibooks"
"astwikiquote",0.994705476143495,0.000190760650149438,0.00390657340402679,0.000300940536377551,0.000896249265951552,"astwikiquote","Wikiquote"
"astwiktionary",0.999407281691244,0.0004629015254937,5.02669406063386e-05,1.98810263735228e-05,5.96688162823178e-05,"astwiktionary","Wiktionary"
"aswiki",0.24281396183225,0.756888994904327,0.000295457208784558,5.17148310197264e-07,1.06890632869216e-06,"aswiki","Wikipedia"
"aswikibooks",0.994705476143495,0.000190760650149438,0.00390657340402679,0.000300940536377551,0.000896249265951552,"aswikibooks","Wikibooks"
"aswikisource",0.98556701649582,0.0058652689940149,0.00769988306063346,0.000320500518497437,0.000547330931033761,"aswikisource","Wikisource"
"aswiktionary",0.998984771573604,0.000253807106598986,0.000253807106599035,0.000253807106598987,0.000253807106598993,"aswiktionary","Wiktionary"
"atjwiki",0.962475571172105,0.0168168955608823,0.0162283895001754,0.00104599088380016,0.00343315288303762,"atjwiki","Wikipedia"
"avwiki",0.477640480533137,0.287256361755751,0.194306871331544,0.0380285291456361,0.00276775723393257,"avwiki","Wikipedia"
"aywiki",0.339570977958022,0.208170855365513,0.452178863872433,1.73313413697341e-05,6.19714626617574e-05,"aywiki","Wikipedia"
"aywikibooks",0.994705476143495,0.000190760650149438,0.00390657340402679,0.000300940536377551,0.000896249265951552,"aywikibooks","Wikibooks"
"aywiktionary",0.999303602114665,0.00036719256736019,0.000189685072019506,3.67448838701437e-05,0.000102775362085077,"aywiktionary","Wiktionary"
"azbwiki",0.262646682182208,0.736325724480048,0.000910718206774785,3.6229713059923e-05,8.06454179094368e-05,"azbwiki","Wikipedia"
"azwiki",0.0420071206746107,0.487462206246865,0.394081141861303,0.0763959476267752,5.35835904462044e-05,"azwiki","Wikipedia"
"azwikibooks",0.485148884711557,0.514692433279361,0.000107380260361795,1.29435962478384e-05,3.83581524721964e-05,"azwikibooks","Wikibooks"
"azwikiquote",0.29626941036707,0.703349710931965,0.00012753014484571,0.000163153913857448,9.01946422616224e-05,"azwikiquote","Wikiquote"
"azwikisource",0.360112357976324,0.157639237407786,0.48224742061209,2.73518184479171e-07,7.10485616286553e-07,"azwikisource","Wikisource"
"azwiktionary",0.999347891809948,0.00051690489833611,7.30200755462802e-05,1.60212253981004e-05,4.61619907715202e-05,"azwiktionary","Wiktionary"
"barwiki",0.10024147542592,0.539683280548574,0.359501224920689,0.000317746860296328,0.000256272244520342,"barwiki","Wikipedia"
"bat_smgwiki",0.239521160704076,0.760374534566641,6.30803876059011e-05,1.30529156011344e-05,2.81714260767897e-05,"bat_smgwiki","Wikipedia"
"bawiki",0.0122832966754804,0.489418906989993,0.393897568032695,0.104374161630704,2.60666711276606e-05,"bawiki","Wikipedia"
"bawikibooks",0.994705476143495,0.000190760650149438,0.00390657340402679,0.000300940536377551,0.000896249265951552,"bawikibooks","Wikibooks"
"bclwiki",0.157959943033099,0.824707324932038,0.0172064423409999,3.90856234602675e-05,8.72040704031014e-05,"bclwiki","Wikipedia"
"be_x_oldwiki",0.0159967081051063,0.404354145355485,0.337724981246931,0.241922391473653,1.77381882483919e-06,"be_x_oldwiki","Wikipedia"
"bewiki",0.00360464360994729,0.0825778482940757,0.0721657658961829,0.841647889271881,3.85292791336511e-06,"bewiki","Wikipedia"
"bewikibooks",0.997448299906586,0.00181742399391747,0.000490338324528403,6.30633606740832e-05,0.000180874414294392,"bewikibooks","Wikibooks"
"bewikiquote",0.48473944811693,0.503779158308173,0.0112864702573039,3.90025867566634e-05,0.000155920730836793,"bewikiquote","Wikiquote"
"bewikisource",0.729323270507181,0.252030514347686,0.0181629201849027,0.000102182163247519,0.000381112796982459,"bewikisource","Wikisource"
"bewiktionary",0.999558163813097,0.000311516797245606,5.54600478680056e-05,1.78085245930756e-05,5.70508171961769e-05,"bewiktionary","Wiktionary"
"bgwiki",0.000292128210274411,0.499191750767644,0.442274592761817,0.0582173522834682,2.41759767958514e-05,"bgwiki","Wikipedia"
"bgwikibooks",0.990471669942777,0.0082341586009437,0.000641964043061437,0.000149980984796844,0.000502226428420931,"bgwikibooks","Wikibooks"
"bgwikinews",0.97042243522334,0.0279965396422342,0.00111862193567568,0.000104000129255366,0.000358403069495119,"bgwikinews","Wikinews"
"bgwikiquote",0.102263368474421,0.897205152372825,0.000205586049272068,0.000115267263217862,0.00021062584026385,"bgwikiquote","Wikiquote"
"bgwikisource",0.853045462014113,0.140767916000847,0.00521568452044717,0.00020545754447453,0.000765479920118206,"bgwikisource","Wikisource"
"bgwiktionary",0.989831774008718,0.00974298058663889,0.000137715210003557,6.68199455010371e-05,0.000220710249138741,"bgwiktionary","Wiktionary"
"bhwiki",0.110608331981572,0.137234965797414,0.752156098976652,1.95539065784683e-07,4.07705296584198e-07,"bhwiki","Wikipedia"
"bhwiktionary",0.998984771573604,0.000253807106598986,0.000253807106599035,0.000253807106598987,0.000253807106598993,"bhwiktionary","Wiktionary"
"biwiki",0.808198265807317,0.191324565466872,0.00036010633076355,2.74531342538211e-05,8.96092607933905e-05,"biwiki","Wikipedia"
"biwikibooks",0.994705476143495,0.000190760650149438,0.00390657340402679,0.000300940536377551,0.000896249265951552,"biwikibooks","Wikibooks"
"bjnwiki",0.678118894002444,0.278515610980685,0.0432777705039354,2.320896213848e-05,6.45155507969826e-05,"bjnwiki","Wikipedia"
"bmwiki",0.998409527401835,0.00134983887866634,0.00016241328650657,2.16307246142287e-05,5.6589708377619e-05,"bmwiki","Wikipedia"
"bmwikibooks",0.994705476143495,0.000190760650149438,0.00390657340402679,0.000300940536377551,0.000896249265951552,"bmwikibooks","Wikibooks"
"bmwikiquote",0.994705476143495,0.000190760650149438,0.00390657340402679,0.000300940536377551,0.000896249265951552,"bmwikiquote","Wikiquote"
"bnwiki",0.00337558851500705,0.436123242028701,0.559232259126185,0.00012611864696032,0.00114279168314709,"bnwiki","Wikipedia"
"bnwikibooks",0.995771388572351,0.00252660776049999,0.00128271122960226,8.9581569628538e-05,0.000329710867917964,"bnwikibooks","Wikibooks"
"bnwikisource",0.000246971828777141,1.40791008097488e-06,0.999750496791022,3.23673497373259e-07,7.99796622838604e-07,"bnwikisource","Wikisource"
"bnwiktionary",0.999432608201265,0.000285903041560008,0.000179378618996303,2.59702117659299e-05,7.61399264131417e-05,"bnwiktionary","Wiktionary"
"bowiki",0.435998407822706,0.563863202588356,7.56064706219673e-05,1.68217331982729e-05,4.59613851177721e-05,"bowiki","Wikipedia"
"bowikibooks",0.994705476143495,0.000190760650149438,0.00390657340402679,0.000300940536377551,0.000896249265951552,"bowikibooks","Wikibooks"
"bpywiki",0.0316334214338805,3.28481119963664e-07,0.968365874754426,1.71198332735247e-07,2.0413224083251e-07,"bpywiki","Wikipedia"
"brwiki",0.0652215464767973,0.451602123776431,0.483147640222673,2.03764896406229e-07,2.84857592029406e-05,"brwiki","Wikipedia"
"brwikiquote",0.642415554578849,0.353490287118472,0.00291089076623402,0.000265689027797967,0.000917578508647084,"brwikiquote","Wikiquote"
"brwikisource",0.0564410657050943,8.03174395303783e-05,0.943424712603435,1.11232484343139e-05,4.27810035061379e-05,"brwikisource","Wikisource"
"brwiktionary",0.999753389317378,0.000185378009583924,2.68500662372562e-05,7.58740509793414e-06,2.67952017034206e-05,"brwiktionary","Wiktionary"
"bswiki",0.0322486986363587,0.506985652291153,0.460718485755715,1.02855836184609e-07,4.70604609377546e-05,"bswiki","Wikipedia"
"bswikibooks",0.998761492910092,7.33595925902253e-05,0.000910021270394502,4.79150581835344e-05,0.000207211168740047,"bswikibooks","Wikibooks"
"bswikinews",0.85539115620519,0.142805503107975,0.00146115423083606,8.24108798308999e-05,0.000259775576168301,"bswikinews","Wikinews"
"bswikiquote",0.18611169128866,0.813563528356816,0.000196509318485889,3.04589857443289e-05,9.7812050293498e-05,"bswikiquote","Wikiquote"
"bswikisource",0.994833036000731,0.00330771611960548,0.00136376816569914,0.000122039541787637,0.000373440172176737,"bswikisource","Wikisource"
"bswiktionary",0.999751103576354,0.000182307831998718,3.24897859948783e-05,7.48849675654537e-06,2.66103088958664e-05,"bswiktionary","Wiktionary"
"bugwiki",0.999248562433432,0.000594982875659737,0.00010556607573471,1.27678701292059e-05,3.81207450440821e-05,"bugwiki","Wikipedia"
"bxrwiki",0.561444260909402,0.219915170737921,0.090579366355722,0.128059574099818,1.6278971368676e-06,"bxrwiki","Wikipedia"
"cawiki",0.0815309635086986,0.828967629682868,0.0813156121727557,0.00507667299248256,0.00310912164319482,"cawiki","Wikipedia"
"cawikibooks",0.998045457583479,0.00159911187369584,0.000231421347135403,3.28546347182846e-05,9.11545609711973e-05,"cawikibooks","Wikibooks"
"cawikinews",0.625425855842912,0.374241471418401,0.000231240030619539,2.60853063262738e-05,7.5347401741547e-05,"cawikinews","Wikinews"
"cawikiquote",0.375840067667816,0.623813977540306,0.000138494769553555,6.08268392234559e-05,0.000146633183100667,"cawikiquote","Wikiquote"
"cawikisource",0.17177225431887,0.00245191824608718,0.825650834921829,2.69325766253788e-05,9.8059936588039e-05,"cawikisource","Wikisource"
"cawiktionary",0.999447267665232,0.00043775018634766,6.77454844408863e-05,1.16656370927857e-05,3.55710268866252e-05,"cawiktionary","Wiktionary"
"cbk_zamwiki",0.587150767102128,0.154871613570149,0.2577254967011,5.8693639488125e-05,0.000193428987133733,"cbk_zamwiki","Wikipedia"
"cdowiki",0.0932977587207097,0.000215012139472574,0.906486792093075,1.55020419525522e-07,2.82026323755862e-07,"cdowiki","Wikipedia"
"cebwiki",0.158134687848474,0.414306047565719,0.42547411121521,1.85644095333046e-07,0.00208496772650176,"cebwiki","Wikipedia"
"cewiki",0.0782149506638531,0.363986787236919,0.528609424529341,0.0291883375298039,5.00040082445484e-07,"cewiki","Wikipedia"
"chowiki",0.994774585902444,0.000470128280855448,0.00375934470908823,0.000253617782078478,0.000742323325533788,"chowiki","Wikipedia"
"chrwiki",0.83711739814084,0.162669709124738,0.000135795504574881,2.26332503977019e-05,5.44639794488012e-05,"chrwiki","Wikipedia"
"chrwiktionary",0.999315928011151,0.000347887720691948,0.000157489792415069,4.58537659016293e-05,0.000132840709840123,"chrwiktionary","Wiktionary"
"chwiki",0.997322341619455,0.00217746222058327,0.000384125516407993,3.09149395144382e-05,8.51557040394762e-05,"chwiki","Wikipedia"
"chwikibooks",0.994705476143495,0.000190760650149438,0.00390657340402679,0.000300940536377551,0.000896249265951552,"chwikibooks","Wikibooks"
"chywiki",0.797970258631098,0.201679469828206,0.000210186535714646,3.48108660738048e-05,0.000105274138907573,"chywiki","Wikipedia"
"ckbwiki",0.0613466621057255,0.480813751135968,0.457470568286426,0.000350926888317709,1.80915835628311e-05,"ckbwiki","Wikipedia"
"commonswiki",0.000598149450499955,0.00013666900665775,0.000331381971561148,9.27707484147345e-06,0.99892452249644,"commonswiki","Commons"
"cowiki",0.731359494415314,0.23691561018253,0.0316101926693312,2.43253960179665e-05,9.03773368071246e-05,"cowiki","Wikipedia"
"cowikibooks",0.994705476143495,0.000190760650149438,0.00390657340402679,0.000300940536377551,0.000896249265951552,"cowikibooks","Wikibooks"
"cowikiquote",0.994705476143495,0.000190760650149438,0.00390657340402679,0.000300940536377551,0.000896249265951552,"cowikiquote","Wikiquote"
"cowiktionary",0.999608762338419,0.000220046681521372,7.88817677713122e-05,2.30817206190451e-05,6.92274916686251e-05,"cowiktionary","Wiktionary"
"crhwiki",0.229931252272206,0.260440726095691,0.316322785496866,0.193304185057563,1.05107767362404e-06,"crhwiki","Wikipedia"
"crwiki",0.999424488209689,0.000415800665500896,0.000102243779609618,1.29038641527027e-05,4.45634810474914e-05,"crwiki","Wikipedia"
"crwikiquote",0.996121085308187,0.000114001307973162,0.00287140312335512,0.000236548203798047,0.00065696205668628,"crwikiquote","Wikiquote"
"crwiktionary",0.998984771573604,0.000253807106598986,0.000253807106599035,0.000253807106598987,0.000253807106598993,"crwiktionary","Wiktionary"
"csbwiki",0.717409763334384,0.282325712078817,0.000176650539049942,2.12426815159511e-05,6.66313662334607e-05,"csbwiki","Wikipedia"
"csbwiktionary",0.999415630265948,0.000351643716518535,8.56691493423959e-05,3.69460429283495e-05,0.000110110825262513,"csbwiktionary","Wiktionary"
"cswiki",0.0218081944332229,0.442892499884572,0.416719266444472,0.117915454393964,0.000664584843769472,"cswiki","Wikipedia"
"cswikibooks",0.996413199998828,0.00311732354151361,0.000262151010441766,4.92936364267396e-05,0.000158031812790122,"cswikibooks","Wikibooks"
"cswikinews",0.34224208124961,0.513020337742945,0.144526404003837,4.69775144947846e-05,0.000164199489112265,"cswikinews","Wikinews"
"cswikiquote",0.162303492364076,0.837441672660293,0.00015197230880512,2.19030936493074e-05,8.09595731761498e-05,"cswikiquote","Wikiquote"
"cswikisource",0.443477533500562,0.555594025302402,0.000592142313423427,0.000173809090792827,0.000162489792820112,"cswikisource","Wikisource"
"cswiktionary",0.999401041341489,0.000382265411037545,9.97712876443078e-05,2.8972878987039e-05,8.79490808416406e-05,"cswiktionary","Wiktionary"
"cuwiki",0.605164325248732,0.394714367449984,7.06244780480913e-05,1.43407012368302e-05,3.63421219995361e-05,"cuwiki","Wikipedia"
"cvwiki",0.171408017690272,0.384251587827952,0.413745587736193,0.0305943216074458,4.8513813768061e-07,"cvwiki","Wikipedia"
"cvwikibooks",0.99651621437525,0.00190838839444609,0.00100814053292494,0.000150131992048609,0.000417124705330796,"cvwikibooks","Wikibooks"
"cywiki",0.0439339370004357,0.478434686551797,0.477610513170362,6.61289544667107e-06,1.42503819590821e-05,"cywiki","Wikipedia"
"cywikibooks",0.997713663719907,0.00126692514969303,0.000718153106742674,6.7950860274139e-05,0.000233307163383207,"cywikibooks","Wikibooks"
"cywikiquote",0.357012832198914,0.641119941437603,0.00153066575648075,6.84423652795224e-05,0.000268118241723282,"cywikiquote","Wikiquote"
"cywikisource",0.99627394648224,0.001310724182119,0.00199446811707949,9.54326336597553e-05,0.000325428584901504,"cywikisource","Wikisource"
"cywiktionary",0.999343446819234,0.00045898734498022,9.03603339264858e-05,2.73088383952276e-05,7.98966634638738e-05,"cywiktionary","Wiktionary"
"dawiki",0.0409678037808813,0.530786055568663,0.42750704819833,3.14312019070694e-05,0.000707661250218918,"dawiki","Wikipedia"
"dawikibooks",0.999160157563123,0.000634747573331642,0.000114286767567034,2.01071642859289e-05,7.07009316923007e-05,"dawikibooks","Wikibooks"
"dawikiquote",0.786814484671735,0.212778779203238,0.000254680202869813,2.91901699781483e-05,0.000122865752179025,"dawikiquote","Wikiquote"
"dawikisource",0.885868715146644,0.112104928128255,0.00159753344791969,0.000105486846278273,0.000323336430902716,"dawikisource","Wikisource"
"dawiktionary",0.999481844525434,0.000420377782043564,4.59908091854232e-05,1.21121147730777e-05,3.96747685640202e-05,"dawiktionary","Wiktionary"
"dewiki",0.0508249345424366,0.504088667610775,0.434055615183528,0.00792288530773976,0.00310789735552094,"dewiki","Wikipedia"
"dewikibooks",0.998752218746024,0.00100440905849977,0.000158754077243091,2.41708197834356e-05,6.0447298449753e-05,"dewikibooks","Wikibooks"
"dewikinews",0.336022060593278,0.663844208965655,7.4857116250046e-05,1.36523366005283e-05,4.52209882167466e-05,"dewikinews","Wikinews"
"dewikiquote",0.158531276134836,0.163903685806537,0.677563760545817,3.47555358872061e-07,9.29957451475332e-07,"dewikiquote","Wikiquote"
"dewikisource",0.704346987383946,0.294973022582703,0.000581972325999262,2.1728485037297e-05,7.62892223140896e-05,"dewikisource","Wikisource"
"dewikivoyage",0.414838624511668,0.585072346928057,5.1135645548194e-05,9.88645625023227e-06,2.80064584767336e-05,"dewikivoyage","Wikivoyage"
"dewiktionary",0.999677686748967,0.000244248339197276,3.48007147068395e-05,1.00961966335666e-05,3.31680004958563e-05,"dewiktionary","Wiktionary"
"dinwiki",0.996165063678817,0.00222884394467074,0.00119467385362609,0.000100742853699629,0.0003106756691864,"dinwiki","Wikipedia"
"diqwiki",0.0700967424147176,0.475511019367003,0.449877578168624,0.00451360637138623,1.0536782689167e-06,"diqwiki","Wikipedia"
"dsbwiki",0.142837148772836,0.454636241556466,0.402526084496311,1.78642738744447e-07,3.46531648534861e-07,"dsbwiki","Wikipedia"
"dtywiki",0.456693503346522,0.538943315007151,0.00399421798707622,0.000140105537048564,0.000228858122202375,"dtywiki","Wikipedia"
"dvwiki",0.705170640865488,0.284466477450522,0.0102711914257838,3.57135402313268e-05,5.59767179738805e-05,"dvwiki","Wikipedia"
"dvwiktionary",0.999501050874007,0.00023625724715126,0.000163493873757287,2.5686900850091e-05,7.35111042343151e-05,"dvwiktionary","Wiktionary"
"dzwiki",0.998885273990623,0.000796460307836782,0.000228134325611662,2.3428124606748e-05,6.67032513217364e-05,"dzwiki","Wikipedia"
"eewiki",0.922054866809414,0.000658768892091868,0.0771770239258615,2.31357948307276e-05,8.62045778018352e-05,"eewiki","Wikipedia"
"elwiki",0.0588764622294885,0.819280807169147,0.120280210225455,1.61659031556279e-05,0.00154635447275405,"elwiki","Wikipedia"
"elwikibooks",0.999249121959251,0.000546051068982796,0.000124143353594902,1.95072552910888e-05,6.11763628802028e-05,"elwikibooks","Wikibooks"
"elwikinews",0.541351744393522,0.457798560415233,0.000650750538248694,4.95499221886668e-05,0.000149394730807651,"elwikinews","Wikinews"
"elwikiquote",0.474780457074733,0.524691803731941,0.000338231148505053,3.79050243388143e-05,0.000151603020482097,"elwikiquote","Wikiquote"
"elwikisource",0.906580275951612,0.0860603266163351,0.00718556695431235,3.71927171929285e-05,0.000136637760547402,"elwikisource","Wikisource"
"elwikivoyage",0.723159306794999,0.275989550584922,0.00057824933622724,6.96666087748676e-05,0.000203226675076971,"elwikivoyage","Wikivoyage"
"elwiktionary",0.999646534502437,0.000276213679938771,3.65333607993769e-05,9.59823603310539e-06,3.11202207912263e-05,"elwiktionary","Wiktionary"
"emlwiki",0.499433214290314,0.340961030352124,0.151595892756764,0.00782363210527045,0.000186230495526959,"emlwiki","Wikipedia"
"enwiki",0.0576336003792573,0.503606318511526,0.3896227977732,0.0442447810063529,0.00489250232966315,"enwiki","Wikipedia"
"enwikibooks",0.99256232938036,0.00705397949675022,0.000306616705177478,2.03676448569997e-05,5.67067728552218e-05,"enwikibooks","Wikibooks"
"enwikinews",0.613680426274729,0.386156238220976,0.000119851306810684,1.20900791186279e-05,3.13941183656533e-05,"enwikinews","Wikinews"
"enwikiquote",0.315839891076268,0.461914512199328,0.222244061556518,3.00276609686278e-07,1.23489127658356e-06,"enwikiquote","Wikiquote"
"enwikisource",0.138001344442616,0.387399529444044,0.474456547438987,2.69706136322636e-05,0.00011560806072051,"enwikisource","Wikisource"
"enwikivoyage",0.511786237818003,0.488141195141774,3.41421799501688e-05,9.48830661814401e-06,2.89365536542737e-05,"enwikivoyage","Wikivoyage"
"enwiktionary",0.533696958696964,0.466302170055298,3.17837280179105e-07,2.52069591700573e-07,3.01340865895212e-07,"enwiktionary","Wiktionary"
"eowiki",0.0380342516719301,0.351602257473886,0.272119370649713,0.338243993600674,1.26603796672316e-07,"eowiki","Wikipedia"
"eowikibooks",0.998944582337514,0.000810911730515137,0.000140462092184667,2.43276569571186e-05,7.9716182828863e-05,"eowikibooks","Wikibooks"
"eowikinews",0.450766889377588,0.549113158974613,6.17875048426744e-05,1.4175428563845e-05,4.39887143925918e-05,"eowikinews","Wikinews"
"eowikiquote",0.367008174420142,0.632753458942851,0.000144849660613328,2.08939363890641e-05,7.26230400046844e-05,"eowikiquote","Wikiquote"
"eowikisource",0.248955068977219,0.000478440590251751,0.750466240499581,2.10401098480323e-05,7.92098231000325e-05,"eowikisource","Wikisource"
"eowiktionary",0.999727879786948,0.000207808968268971,3.17207807539686e-05,7.66820556021891e-06,2.49222584684882e-05,"eowiktionary","Wiktionary"
"eswiki",0.0235591684342157,0.517929210578602,0.430667714140278,0.0256423640583273,0.00220154278857748,"eswiki","Wikipedia"
"eswikibooks",0.84490286677776,0.154594797988855,0.000322363029848509,4.28154746606705e-05,0.00013715672887617,"eswikibooks","Wikibooks"
"eswikinews",0.5660491145416,0.433777486742218,0.000104787265135102,1.66451068412099e-05,5.19663442054306e-05,"eswikinews","Wikinews"
"eswikiquote",0.224903442980597,0.772640015877619,9.04720186901458e-05,0.00230551646018814,6.05526629057168e-05,"eswikiquote","Wikiquote"
"eswikisource",0.0453101753159231,0.044590399064014,0.910098640795825,2.51943809681269e-07,5.3288042832606e-07,"eswikisource","Wikisource"
"eswikivoyage",0.247981574172288,0.751915633946123,5.43116488471996e-05,1.23756258780517e-05,3.61046068636623e-05,"eswikivoyage","Wikivoyage"
"eswiktionary",0.999235633262721,0.000662205097170891,4.72447706517852e-05,1.26594335259858e-05,4.22574359306748e-05,"eswiktionary","Wiktionary"
"etwiki",0.0258720981351548,0.488953277684358,0.485045230500184,5.561150594673e-05,7.37821743565769e-05,"etwiki","Wikipedia"
"etwikibooks",0.996365535286046,0.00247413846150216,0.000732167595615341,9.44290066067645e-05,0.000333729650229864,"etwikibooks","Wikibooks"
"etwikiquote",0.484026517701671,0.502175964587624,0.00329349760942986,0.00931711470601252,0.0011869053952625,"etwikiquote","Wikiquote"
"etwikisource",0.961595680519741,0.0338972510157422,0.00338113970839702,0.000261626658557974,0.000864302097561251,"etwikisource","Wikisource"
"etwiktionary",0.998699055471224,0.00104102041190854,0.000117600319611083,3.96297124784973e-05,0.000102694084777915,"etwiktionary","Wiktionary"
"euwiki",0.0488059932299033,0.509283543975177,0.439649893127718,0.00154197347407937,0.000718596193121885,"euwiki","Wikipedia"
"euwikibooks",0.995824100393298,0.00293995737805689,0.000787582391201314,9.30629685298669e-05,0.000355296868913901,"euwikibooks","Wikibooks"
"euwikiquote",0.633126919325616,0.36604729152475,0.000468692787758707,7.41085650094078e-05,0.000282987796866468,"euwikiquote","Wikiquote"
"euwiktionary",0.999491749593733,0.000414799567795921,4.1474459248147e-05,1.19579157055404e-05,4.00184635169916e-05,"euwiktionary","Wiktionary"
"extwiki",0.377963743304051,0.621779776179665,0.000169149353892461,2.15624616370898e-05,6.5768700754159e-05,"extwiki","Wikipedia"
"fawiki",0.0567098833235287,0.515816876414165,0.396002749883974,0.0302049450799511,0.0012655452983816,"fawiki","Wikipedia"
"fawikibooks",0.934915542496122,0.0640381282646262,0.000763238467022553,7.01500341720176e-05,0.000212940738057479,"fawikibooks","Wikibooks"
"fawikinews",0.537575461619361,0.462087076940726,0.000232096800283965,2.9539590387369e-05,7.58250492423209e-05,"fawikinews","Wikinews"
"fawikiquote",0.130993481753302,0.575624160714282,0.293380190977907,3.75285333855111e-07,1.79126917577831e-06,"fawikiquote","Wikiquote"
"fawikisource",0.996886302273481,0.00224482922179833,0.000694874879344732,3.99005786624627e-05,0.000134093046713246,"fawikisource","Wikisource"
"fawikivoyage",0.0893163333826588,0.910375791877026,0.000181984895514806,3.3533906643373e-05,9.23559381574887e-05,"fawikivoyage","Wikivoyage"
"fawiktionary",0.999211492270679,0.000521483226517752,0.000157534685751365,2.92748101821232e-05,8.02150068694114e-05,"fawiktionary","Wiktionary"
"ffwiki",0.998608664215926,0.00122806224413005,9.33454705879826e-05,2.017827660194e-05,4.97497927543162e-05,"ffwiki","Wikipedia"
"fiu_vrowiki",0.329499687118924,0.670366211395207,8.86031960755312e-05,1.0725878561291e-05,3.47724112320608e-05,"fiu_vrowiki","Wikipedia"
"fiwiki",0.027637062771925,0.563434124698767,0.408650222539802,1.83684417420323e-07,0.000278406305088174,"fiwiki","Wikipedia"
"fiwikibooks",0.97208142802052,0.027298276504844,0.000377030068525778,6.07516138499821e-05,0.000182513792260182,"fiwikibooks","Wikibooks"
"fiwikinews",0.916530390513162,0.0828999673893108,0.000417580173388523,4.07602004999279e-05,0.00011130172363907,"fiwikinews","Wikinews"
"fiwikiquote",0.144290020803778,0.85540755678615,0.000208603546759063,2.03924734995988e-05,7.3426389814074e-05,"fiwikiquote","Wikiquote"
"fiwikisource",0.134562470433355,0.154331009382036,0.711102477916918,1.28083084543796e-06,2.76143684559204e-06,"fiwikisource","Wikisource"
"fiwikivoyage",0.0284529566724672,0.97134087834711,0.000114131684185907,2.72628214996075e-05,6.4770474736974e-05,"fiwikivoyage","Wikivoyage"
"fiwiktionary",0.999542005640346,0.000363749378161634,4.3713759076371e-05,1.21946815258291e-05,3.83365408900947e-05,"fiwiktionary","Wiktionary"
"fjwiki",0.984215513267579,0.00971454290811294,0.0002521478889287,0.000105127881404301,0.00571266805397535,"fjwiki","Wikipedia"
"fjwiktionary",0.999591644681715,0.000206069893674696,8.11399637573138e-05,2.98627738271806e-05,9.12826870258964e-05,"fjwiktionary","Wiktionary"
"fowiki",0.107232787464181,0.512572638330983,0.380194072508843,1.38742994264912e-07,3.62952998643799e-07,"fowiki","Wikipedia"
"fowikisource",0.994602042522466,0.00276708956498303,0.0019986359545497,0.000137682519206817,0.000494549438794716,"fowikisource","Wikisource"
"fowiktionary",0.999387815289843,0.000331914428149676,0.000114823799815006,4.63307672661389e-05,0.000119115714926558,"fowiktionary","Wiktionary"
"frpwiki",0.337284645021408,0.662474126584699,0.000130869145940912,4.3883345361889e-05,6.64759025903868e-05,"frpwiki","Wikipedia"
"frrwiki",0.0968390141584761,0.903072240003775,5.45111755197866e-05,9.59402539961956e-06,2.46406368294274e-05,"frrwiki","Wikipedia"
"frwiki",0.0489708632730594,0.464192682524321,0.356914481001749,0.120235881895187,0.00968609130568332,"frwiki","Wikipedia"
"frwikibooks",0.986118221635105,0.0136392013842845,0.000152812263753071,2.17596246670505e-05,6.80050921906108e-05,"frwikibooks","Wikibooks"
"frwikinews",0.315734091221222,0.684171129757153,5.68561105943669e-05,1.00341925087178e-05,2.78887185211153e-05,"frwikinews","Wikinews"
"frwikiquote",0.212548480278037,0.35139217391031,0.435719992473235,7.00718350925537e-05,0.000269281503325486,"frwikiquote","Wikiquote"
"frwikisource",0.0547042482179398,0.0617928830237494,0.883502356825585,1.64879518772736e-07,3.47053206760066e-07,"frwikisource","Wikisource"
"frwikivoyage",0.418329935078426,0.581556105946336,5.71245345952798e-05,1.47162739701643e-05,4.21181666730394e-05,"frwikivoyage","Wikivoyage"
"frwiktionary",0.826724053756183,0.173184017597907,4.03147581874615e-05,1.20816808236415e-05,3.95322068983895e-05,"frwiktionary","Wiktionary"
"furwiki",0.658828417168069,0.340986176773235,0.000109520652180654,1.7566267642435e-05,5.83191388738518e-05,"furwiki","Wikipedia"
"fywiki",0.0452214472737113,0.441644848431646,0.513129692964478,1.19923203789599e-07,3.89140696053213e-06,"fywiki","Wikipedia"
"fywikibooks",0.998279828603848,0.000764430335590363,0.000652148842926761,6.94466466762318e-05,0.000234145570958209,"fywikibooks","Wikibooks"
"fywiktionary",0.999753482803929,0.000166968272041378,3.81353749996413e-05,9.5245916565373e-06,3.18889573734852e-05,"fywiktionary","Wiktionary"
"gagwiki",0.332885772857565,0.64063682326261,0.0263870718968887,2.14591927870157e-05,6.88727901487214e-05,"gagwiki","Wikipedia"
"ganwiki",0.00080265070887254,0.00089783132205891,0.998299010061827,1.71072793997832e-07,3.36834447217732e-07,"ganwiki","Wikipedia"
"gawiki",0.0566187188229597,0.501620170887171,0.441760471630893,2.46033224510797e-07,3.92625751970684e-07,"gawiki","Wikipedia"
"gawikibooks",0.994705476143495,0.000190760650149438,0.00390657340402679,0.000300940536377551,0.000896249265951552,"gawikibooks","Wikibooks"
"gawikiquote",0.994705476143495,0.000190760650149438,0.00390657340402679,0.000300940536377551,0.000896249265951552,"gawikiquote","Wikiquote"
"gawiktionary",0.99898851054518,0.000849256556001971,6.37292389933873e-05,2.45765565393833e-05,7.3927103285078e-05,"gawiktionary","Wiktionary"
"gdwiki",0.531833999370061,0.467689017076592,0.000421796563566852,1.16960367594409e-05,4.34909530210082e-05,"gdwiki","Wikipedia"
"gdwiktionary",0.999343314466684,0.000472480362763076,0.000104056653168715,2.021382238236e-05,5.99346950021641e-05,"gdwiktionary","Wiktionary"
"glkwiki",0.995125613159288,0.0040711034710679,0.000617019863236289,5.90188634830115e-05,0.000127244642924275,"glkwiki","Wikipedia"
"glwiki",0.040492927146221,0.481737622427769,0.417023546166177,0.0603706214547014,0.000375282805131896,"glwiki","Wikipedia"
"glwikibooks",0.995175350571899,0.00354341314494715,0.000880532908063596,8.51470691396796e-05,0.000315556305950552,"glwikibooks","Wikibooks"
"glwikiquote",0.714757727495399,0.284800113178539,0.000243870581133606,4.05598756084537e-05,0.000157728869320273,"glwikiquote","Wikiquote"
"glwikisource",0.991894957386137,0.00606499178880765,0.00178374386871081,6.06562380553732e-05,0.000195650718289449,"glwikisource","Wikisource"
"glwiktionary",0.99909361249913,0.000764591989009532,5.98733928794069e-05,1.95723596951595e-05,6.23497592861932e-05,"glwiktionary","Wiktionary"
"gnwiki",0.7564469430242,0.243391524371052,9.20590309922673e-05,1.64350255852371e-05,5.30385481699623e-05,"gnwiki","Wikipedia"
"gnwikibooks",0.994705476143495,0.000190760650149438,0.00390657340402679,0.000300940536377551,0.000896249265951552,"gnwikibooks","Wikibooks"
"gnwiktionary",0.998773382095318,0.000576094353811452,0.000417573979813716,6.99513823131511e-05,0.000162998188744088,"gnwiktionary","Wiktionary"
"gomwiki",0.982768073137493,0.0101737945938332,0.00667874929812,0.00012304030275203,0.00025634266780148,"gomwiki","Wikipedia"
"gotwiki",0.998801571037519,0.000997455805143393,0.000122746308182349,2.15860538080393e-05,5.66407953469112e-05,"gotwiki","Wikipedia"
"gotwikibooks",0.998984771573604,0.000253807106598985,0.000253807106599014,0.000253807106598986,0.000253807106598993,"gotwikibooks","Wikibooks"
"guwiki",0.390289749436611,0.507549305653825,0.102159844745496,4.59679649298451e-07,6.40484418904263e-07,"guwiki","Wikipedia"
"guwikibooks",0.994705476143495,0.000190760650149438,0.00390657340402679,0.000300940536377551,0.000896249265951552,"guwikibooks","Wikibooks"
"guwikiquote",0.997731649913287,0.000857250783929776,0.00110035602078218,6.66683894208302e-05,0.000244074892580196,"guwikiquote","Wikiquote"
"guwikisource",0.991470037479827,0.00513657431258721,0.00278965523762123,0.00018393163548581,0.000419801334478846,"guwikisource","Wikisource"
"guwiktionary",0.999528066205137,0.000278350981459522,8.40784694190391e-05,2.88798364852863e-05,8.06245074987825e-05,"guwiktionary","Wiktionary"
"gvwiki",0.129693338097256,0.507327373704623,0.362978752932895,1.65772621379159e-07,3.69492604015237e-07,"gvwiki","Wikipedia"
"gvwiktionary",0.99941180605024,0.000322566855336779,0.000116604908023908,4.05999311885802e-05,0.000108422255210148,"gvwiktionary","Wiktionary"
"hakwiki",0.335619649611848,0.576020662849516,0.0883585536579583,4.62876240576815e-07,6.71004437568941e-07,"hakwiki","Wikipedia"
"hawiki",0.9985168753586,0.00117449161532977,0.000230800507829215,2.44435681154372e-05,5.33889501253576e-05,"hawiki","Wikipedia"
"hawiktionary",0.999073522269246,0.000230430658591548,0.000497296006624684,5.24973921981036e-05,0.000146253673339815,"hawiktionary","Wiktionary"
"hawwiki",0.976729334389609,0.0228129182593116,0.000287519338080291,4.40104995739233e-05,0.000126217513424869,"hawwiki","Wikipedia"
"hewiki",0.0955518112292677,0.787578039871253,0.105697637182192,0.0103883971844993,0.000784114532787849,"hewiki","Wikipedia"
"hewikibooks",0.969692558508454,0.0297549759261796,0.000291249770714945,5.98161436262544e-05,0.000201399651025184,"hewikibooks","Wikibooks"
"hewikinews",0.986859271112792,0.0106355284657515,0.00210635780134928,9.81678072071427e-05,0.000300674812900329,"hewikinews","Wikinews"
"hewikiquote",0.190297752075487,0.809481159746034,0.000136385878324026,1.85046956151882e-05,6.61976045389187e-05,"hewikiquote","Wikiquote"
"hewikisource",0.902735623156722,0.0949579887815999,0.00202303667875442,6.270117912215e-05,0.000220650203801341,"hewikisource","Wikisource"
"hewikivoyage",0.64015517850653,0.358514481295449,0.000901436152279202,0.000126330141740494,0.00030257390400196,"hewikivoyage","Wikivoyage"
"hewiktionary",0.999240372810823,0.000558449327765308,0.00012615353122846,1.87948107122489e-05,5.6229519471528e-05,"hewiktionary","Wiktionary"
"hifwiki",0.16871124156031,0.240355206884094,0.590932903633924,2.30410914192431e-07,4.17510757672039e-07,"hifwiki","Wikipedia"
"hiwiki",0.0917360537373046,0.641131059298286,0.26713232248228,1.59208160999798e-07,4.05273968223924e-07,"hiwiki","Wikipedia"
"hiwikibooks",0.993494639218272,0.00452018833362151,0.00141446591935423,0.00011181499350002,0.000458891535251912,"hiwikibooks","Wikibooks"
"hiwikiquote",0.503105631009294,0.49436194905901,0.00156523335230385,0.00020268487069385,0.000764501708698606,"hiwikiquote","Wikiquote"
"hiwiktionary",0.999542952261724,0.000261659140540645,9.11001470312166e-05,2.71110365583606e-05,7.71774141456197e-05,"hiwiktionary","Wiktionary"
"howiki",0.994705476143495,0.000190760650149438,0.00390657340402679,0.000300940536377551,0.000896249265951552,"howiki","Wikipedia"
"hrwiki",0.0650864571745495,0.934849995257522,2.57201804729839e-05,1.27906971546456e-06,3.65483177400738e-05,"hrwiki","Wikipedia"
"hrwikibooks",0.993819287842392,0.00529983489045289,0.000545694573249381,8.84023507729843e-05,0.000246780343133119,"hrwikibooks","Wikibooks"
"hrwikiquote",0.494093559490798,0.504883419222104,0.000609948606659236,8.37267568388322e-05,0.000329345923599529,"hrwikiquote","Wikiquote"
"hrwikisource",0.972474148834362,0.0244643421477082,0.00223784378859939,0.000185611973665392,0.000638053255664755,"hrwikisource","Wikisource"
"hrwiktionary",0.999151033665328,0.000699002066771627,7.34186390643972e-05,1.85231671297806e-05,5.80224617060694e-05,"hrwiktionary","Wiktionary"
"hsbwiki",0.112981898804577,0.395062176637353,0.491955660415639,1.13302973705535e-07,1.50839456380712e-07,"hsbwiki","Wikipedia"
"hsbwiktionary",0.999373709121738,0.000389798326970727,0.000122619854630201,3.09392639200233e-05,8.29334327413707e-05,"hsbwiktionary","Wiktionary"
"htwiki",0.394490563483864,0.218015075158422,0.387493274648912,3.42933572268583e-07,7.43775230015589e-07,"htwiki","Wikipedia"
"htwikisource",0.994705476143495,0.000190760650149438,0.00390657340402679,0.000300940536377551,0.000896249265951552,"htwikisource","Wikisource"
"huwiki",0.0291804082009095,0.529988605571808,0.44036778877471,4.06654714999032e-06,0.00045913090542279,"huwiki","Wikipedia"
"huwikibooks",0.996745465303688,0.0027666942145538,0.000356353356752151,3.76584152513024e-05,9.3828709755132e-05,"huwikibooks","Wikibooks"
"huwikinews",0.40108808379519,0.598264952269509,0.000410973941606028,5.96085634847704e-05,0.000176381430210791,"huwikinews","Wikinews"
"huwikiquote",0.540377785158092,0.4594318751728,0.0001137838912923,1.62206799961247e-05,6.0335097819206e-05,"huwikiquote","Wikiquote"
"huwikisource",0.724956305908957,0.273763401920536,0.00094332596139197,7.21489570337077e-05,0.000264817252080919,"huwikisource","Wikisource"
"huwiktionary",0.999702411756105,0.000221399151761767,3.77733070090502e-05,9.36829047866522e-06,2.90474946456815e-05,"huwiktionary","Wiktionary"
"hywiki",0.000152558487497212,0.0248039289463527,0.0292742484116268,0.945769224522085,3.96324382972206e-08,"hywiki","Wikipedia"
"hywikibooks",0.996286653653554,0.00277792166555469,0.00055571441338717,9.45099770370514e-05,0.000285200290467268,"hywikibooks","Wikibooks"
"hywikiquote",0.0562440049540026,0.0951246543366622,0.848630385160809,2.60118008053325e-07,6.95430518267425e-07,"hywikiquote","Wikiquote"
"hywikisource",0.991136049517152,0.00605726598788093,0.00213721951536817,0.000146798163380057,0.00052266681621944,"hywikisource","Wikisource"
"hywiktionary",0.99967614782555,0.000193941684339262,6.91719790516367e-05,1.59761583506743e-05,4.47623527081984e-05,"hywiktionary","Wiktionary"
