"","topic1","topic2","topic3","project","projecttype"
"abwiki",0.000780640124902882,0.998438719750194,0.000780640124902816,"abwiki","Wikipedia"
"acewiki",0.998438719750195,0.000780640124902866,0.000780640124902655,"acewiki","Wikipedia"
"adywiki",0.945348722737298,0.0367944135298341,0.0178568637328685,"adywiki","Wikipedia"
"afwiki",0.995739380250793,0.00271014448052622,0.00155047526868095,"afwiki","Wikipedia"
"alswiki",0.977229610079852,0.00700203414406278,0.0157683557760851,"alswiki","Wikipedia"
"amwiki",0.726382448752896,0.176381132706772,0.0972364185403323,"amwiki","Wikipedia"
"angwiki",0.873053997548622,0.0233409567595552,0.103605045691823,"angwiki","Wikipedia"
"angwikibooks",0.00078064012490242,0.00078064012490242,0.998438719750195,"angwikibooks","Wikibooks"
"anwiki",0.949777776325229,0.0154996019898589,0.0347226216849125,"anwiki","Wikipedia"
"arcwiki",0.606737077720893,0.382360593318876,0.010902328960231,"arcwiki","Wikipedia"
"arwiki",9.07589609958779e-05,0.999873265587104,3.59754519001208e-05,"arwiki","Wikipedia"
"arwikibooks",0.000260807800867741,0.333335626083592,0.666403566115541,"arwikibooks","Wikibooks"
"arwikiquote",0.939549691695077,0.0586813107424495,0.0017689975624738,"arwikiquote","Wikiquote"
"arwikisource",0.0967430527448338,0.902668459345881,0.000588487909285443,"arwikisource","Wikisource"
"arzwiki",0.977773380680162,0.0189279692156755,0.00329865010416215,"arzwiki","Wikipedia"
"astwiki",0.931475525540782,0.00080810427813821,0.0677163701810797,"astwiki","Wikipedia"
"aswiki",0.99418989366369,0.00450145343176079,0.00130865290454958,"aswiki","Wikipedia"
"avwiki",0.117580787233358,0.861907821777797,0.0205113909888446,"avwiki","Wikipedia"
"aywiki",0.777123530110993,0.193117609111263,0.0297588607777439,"aywiki","Wikipedia"
"azbwiki",0.993667071770431,0.00337102966352057,0.00296189856604828,"azbwiki","Wikipedia"
"azwiki",0.998444411541171,0.000723104507505067,0.000832483951324173,"azwiki","Wikipedia"
"azwikiquote",0.948546802456996,0.0371148201450795,0.0143383773979245,"azwikiquote","Wikiquote"
"azwikisource",0.929864063063393,0.0585868197541094,0.0115491171824977,"azwikisource","Wikisource"
"barwiki",0.938811252509656,0.0178988444852078,0.0432899030051359,"barwiki","Wikipedia"
"bat_smgwiki",0.758711145225996,0.156230920005852,0.0850579347681519,"bat_smgwiki","Wikipedia"
"bawiki",0.317951432907686,0.676646783406122,0.00540178368619177,"bawiki","Wikipedia"
"bawikibooks",0.00078064012490242,0.00078064012490242,0.998438719750195,"bawikibooks","Wikibooks"
"bclwiki",0.945274175542275,0.0452236274192097,0.00950219703851508,"bclwiki","Wikipedia"
"be_x_oldwiki",0.534473401360956,0.464742629949403,0.000783968689640709,"be_x_oldwiki","Wikipedia"
"bewiki",0.160469073991852,0.838695699063584,0.000835226944563844,"bewiki","Wikipedia"
"bewikisource",0.998438719750195,0.000780640124902801,0.000780640124902525,"bewikisource","Wikisource"
"bgwiki",0.997499951829593,0.0012096827685671,0.00129036540184003,"bgwiki","Wikipedia"
"bgwikibooks",0.00078064012490242,0.00078064012490242,0.998438719750195,"bgwikibooks","Wikibooks"
"bgwikiquote",0.975494429012113,0.00750093266700979,0.0170046383208776,"bgwikiquote","Wikiquote"
"bhwiki",0.96997371849184,0.0271007432251606,0.0029255382829989,"bhwiki","Wikipedia"
"biwiki",0.538549765663024,0.419701251083747,0.0417489832532289,"biwiki","Wikipedia"
"bjnwiki",0.998438719750195,0.00078064012490242,0.00078064012490268,"bjnwiki","Wikipedia"
"bmwiki",0.478747713629606,0.443150804460978,0.0781014819094161,"bmwiki","Wikipedia"
"bnwiki",0.998162931707511,0.000905481755616893,0.000931586536871555,"bnwiki","Wikipedia"
"bnwikibooks",0.000391055018260533,0.000391589381420346,0.999217355600319,"bnwikibooks","Wikibooks"
"bnwikisource",0.966451818261369,0.0272128183953536,0.00633536334327701,"bnwikisource","Wikisource"
"bowiki",0.775280350608767,0.0162784465096064,0.208441202881627,"bowiki","Wikipedia"
"bpywiki",0.678414872919627,0.275341249221441,0.0462438778589319,"bpywiki","Wikipedia"
"brwiki",0.944135940323206,0.0129594602436801,0.0429045994331143,"brwiki","Wikipedia"
"brwikisource",0.396052461228537,0.0188835311831652,0.585064007588298,"brwikisource","Wikisource"
"bswiki",0.996886311139001,0.00248859071347923,0.000625098147520165,"bswiki","Wikipedia"
"bswikibooks",0.00078064012490242,0.00078064012490242,0.998438719750195,"bswikibooks","Wikibooks"
"bswikiquote",0.996765861818601,0.00152481264778177,0.00170932553361674,"bswikiquote","Wikiquote"
"bswikisource",0.478747713629606,0.443150804460978,0.0781014819094161,"bswikisource","Wikisource"
"bxrwiki",0.0104234947810636,0.988780239540116,0.000796265678820074,"bxrwiki","Wikipedia"
"cawiki",0.999535703317211,0.000196882762923295,0.000267413919865987,"cawiki","Wikipedia"
"cawikibooks",0.000391055018260533,0.000391589381420346,0.999217355600319,"cawikibooks","Wikibooks"
"cawikiquote",0.993798216852024,0.00232726935332073,0.00387451379465546,"cawikiquote","Wikiquote"
"cawikisource",0.667835717067399,0.0311472470253271,0.301017035907274,"cawikisource","Wikisource"
"cbk_zamwiki",0.993093561806186,0.000393944366619623,0.0065124938271948,"cbk_zamwiki","Wikipedia"
"cdowiki",0.953488132144019,0.0264277717002719,0.0200840961557093,"cdowiki","Wikipedia"
"cebwiki",0.805567095596463,0.194050854590447,0.000382049813089202,"cebwiki","Wikipedia"
"cewiki",0.074869191290602,0.922567584232147,0.00256322447725143,"cewiki","Wikipedia"
"chowiki",0.00078064012490267,0.998438719750195,0.000780640124902453,"chowiki","Wikipedia"
"chywiki",0.000780640124902882,0.998438719750194,0.000780640124902816,"chywiki","Wikipedia"
"ckbwiki",0.990455926563582,0.00794452807291713,0.00159954536350116,"ckbwiki","Wikipedia"
"commonswiki",0.10054637298863,0.000741906170108538,0.898711720841261,"commonswiki","Commons"
"cowiki",0.859080835579324,0.124115786329395,0.0168033780912816,"cowiki","Wikipedia"
"crhwiki",0.0569764624563905,0.933994291493519,0.00902924605009021,"crhwiki","Wikipedia"
"csbwiki",0.150644755979509,0.578054728748403,0.271300515272088,"csbwiki","Wikipedia"
"cswiki",0.999711717141776,0.000112591012685248,0.000175691845538311,"cswiki","Wikipedia"
"cswikiquote",0.993640020681981,0.00357946959061598,0.00278050972740284,"cswikiquote","Wikiquote"
"cswikisource",0.874934866897687,0.00975336088310969,0.115311772219203,"cswikisource","Wikisource"
"cvwiki",0.953762096720643,0.0117240442307812,0.0345138590485755,"cvwiki","Wikipedia"
"cywiki",0.98917301098923,0.0104476893797529,0.000379299631017203,"cywiki","Wikipedia"
"cywikiquote",0.196485546934945,0.303425398867426,0.500089054197629,"cywikiquote","Wikiquote"
"cywikisource",0.000780640124902882,0.998438719750194,0.000780640124902816,"cywikisource","Wikisource"
"dawiki",0.994609598342646,0.00368554713547691,0.0017048545218774,"dawiki","Wikipedia"
"dawikiquote",0.806868738475832,0.155939095196254,0.0371921663279134,"dawikiquote","Wikiquote"
"dawikisource",0.835926258346022,0.144703489730486,0.0193702519234923,"dawikisource","Wikisource"
"dewiki",0.993677071989236,0.00294026738789464,0.00338266062286887,"dewiki","Wikipedia"
"dewikibooks",0.183089575827818,0.0203430680697422,0.796567356102439,"dewikibooks","Wikibooks"
"dewikiquote",0.960043949173721,0.0241172490852866,0.0158388017409918,"dewikiquote","Wikiquote"
"dewikisource",0.969838469183975,0.0244828589905031,0.00567867182552178,"dewikisource","Wikisource"
"dewikivoyage",0.998438719750194,0.000780640124903002,0.000780640124902463,"dewikivoyage","Wikivoyage"
"dinwiki",0.475372968521762,0.484622218313343,0.040004813164895,"dinwiki","Wikipedia"
"diqwiki",0.972694671177605,0.0168502368048544,0.0104550920175408,"diqwiki","Wikipedia"
"dsbwiki",0.753358338883532,0.201975268775065,0.0446663923414023,"dsbwiki","Wikipedia"
"dtywiki",0.000780640124902882,0.998438719750194,0.000780640124902816,"dtywiki","Wikipedia"
"dvwiki",0.705398025254399,0.256018754132932,0.0385832206126697,"dvwiki","Wikipedia"
"eewiki",0.000780640124902882,0.998438719750194,0.000780640124902816,"eewiki","Wikipedia"
"elwiki",0.990139523954128,0.00751330641881068,0.0023471696270618,"elwiki","Wikipedia"
"elwikibooks",0.00039105651536646,0.000391650700068367,0.999217292784565,"elwikibooks","Wikibooks"
"elwikiquote",0.830495089401492,0.0566386375477987,0.112866273050709,"elwikiquote","Wikiquote"
"elwikisource",0.991008184722354,0.0043070802947307,0.0046847349829158,"elwikisource","Wikisource"
"emlwiki",0.574670228252804,0.0220240609288087,0.403305710818387,"emlwiki","Wikipedia"
"enwiki",0.985862336185904,0.00766792774001385,0.00646973607408165,"enwiki","Wikipedia"
"enwikibooks",0.635520315963401,0.0121622830312113,0.352317401005388,"enwikibooks","Wikibooks"
"enwikiquote",0.999261692502411,0.000349999111706708,0.000388308385881805,"enwikiquote","Wikiquote"
"enwikisource",0.936907882509329,0.00931942312912918,0.0537726943615416,"enwikisource","Wikisource"
"enwikivoyage",0.841748943578469,0.0613898412923791,0.0968612151291526,"enwikivoyage","Wikivoyage"
"eowiki",0.986813555364194,0.00286545467034782,0.0103209899654579,"eowiki","Wikipedia"
"eowikiquote",0.899655489618017,0.0708188327517604,0.0295256776302222,"eowikiquote","Wikiquote"
"eowikisource",0.957836165291877,0.0153176005505383,0.0268462341575846,"eowikisource","Wikisource"
"eswiki",0.992931919930727,0.000196244772728738,0.00687183529654433,"eswiki","Wikipedia"
"eswikibooks",0.278571924291799,0.0277866511413494,0.693641424566852,"eswikibooks","Wikibooks"
"eswikiquote",0.99810350911047,0.00101708196149137,0.000879408928038795,"eswikiquote","Wikiquote"
"eswikisource",0.992240430310068,0.0034858149820795,0.00427375470785217,"eswikisource","Wikisource"
"etwiki",0.985343536701577,0.0089665777084241,0.00568988558999898,"etwiki","Wikipedia"
"etwikiquote",0.987628425603997,0.00565608882140526,0.00671548557459746,"etwikiquote","Wikiquote"
"etwikisource",0.914858313463418,0.00672798412346115,0.0784137024131208,"etwikisource","Wikisource"
"euwiki",0.999749968647856,0.000120299029352882,0.00012973232279043,"euwiki","Wikipedia"
"euwikiquote",0.613917369496061,0.141072110324506,0.245010520179433,"euwikiquote","Wikiquote"
"extwiki",0.928501510964501,0.0597017178684933,0.0117967711670061,"extwiki","Wikipedia"
"fawiki",0.996832954009006,0.00226735389117566,0.000899692099818679,"fawiki","Wikipedia"
"fawikiquote",0.991418621911889,0.000962796254693679,0.00761858183341735,"fawikiquote","Wikiquote"
"fawikisource",0.963158732148598,0.0334953559746103,0.00334591187679194,"fawikisource","Wikisource"
"ffwiki",0.998438719750195,0.000780640124902866,0.000780640124902655,"ffwiki","Wikipedia"
"fiu_vrowiki",0.845360421397269,0.0646477479281998,0.0899918306745309,"fiu_vrowiki","Wikipedia"
"fiwiki",0.999524157989596,0.000104518078677772,0.000371323931726257,"fiwiki","Wikipedia"
"fiwikibooks",0.00026081724334524,0.000261260053017777,0.999477922703637,"fiwikibooks","Wikibooks"
"fiwikiquote",0.939799309226384,0.0363373608332492,0.0238633299403672,"fiwikiquote","Wikiquote"
"fiwikisource",0.965330867637141,0.0269190252249218,0.00775010713793674,"fiwikisource","Wikisource"
"fjwiki",0.267597949005024,0.714503849677619,0.0178982013173567,"fjwiki","Wikipedia"
"fowiki",0.910291823761481,0.048153399929347,0.0415547763091717,"fowiki","Wikipedia"
"frpwiki",0.966412873765356,0.0252710968502341,0.00831602938441003,"frpwiki","Wikipedia"
"frrwiki",0.488630862038803,0.0837063223823595,0.427662815578837,"frrwiki","Wikipedia"
"frwiki",0.980298605788594,0.0014402610500082,0.018261133161398,"frwiki","Wikipedia"
"frwikibooks",0.233783210667014,0.0164580514576435,0.749758737875343,"frwikibooks","Wikibooks"
"frwikiquote",0.997909779223892,0.00116848938839578,0.000921731387712534,"frwikiquote","Wikiquote"
"frwikisource",7.8173759835445e-08,6.31435484439377e-08,0.999999858682692,"frwikisource","Wikisource"
"furwiki",0.166944820321957,0.816207481499371,0.0168476981786723,"furwiki","Wikipedia"
"fywiki",0.985801399614665,0.00197209231088144,0.0122265080744536,"fywiki","Wikipedia"
"ganwiki",0.960414962207302,0.0353662653049634,0.00421877248773452,"ganwiki","Wikipedia"
"gawiki",0.994429637656965,0.00284861561395185,0.002721746729083,"gawiki","Wikipedia"
"gdwiki",0.999110536067018,0.000654108860840533,0.000235355072141329,"gdwiki","Wikipedia"
"glkwiki",0.478594741916398,0.521012943320116,0.000392314763485421,"glkwiki","Wikipedia"
"glwiki",0.998515379634711,0.00109433371016877,0.000390286655120354,"glwiki","Wikipedia"
"glwikiquote",0.322302158191527,0.116395866855902,0.561301974952571,"glwikiquote","Wikiquote"
"glwikisource",0.890182614362909,0.102305804492662,0.00751158114442906,"glwikisource","Wikisource"
"gnwiki",0.830233762890849,0.089868235139169,0.0798980019699821,"gnwiki","Wikipedia"
"gomwiki",0.751513117409968,0.238040113419594,0.010446769170438,"gomwiki","Wikipedia"
"gotwiki",0.970516602542997,0.0261962608459479,0.00328713661105487,"gotwiki","Wikipedia"
"guwiki",0.997639012982531,0.00191477251683026,0.000446214500638588,"guwiki","Wikipedia"
"guwikisource",0.991078925055603,0.00872427107644029,0.00019680386795677,"guwikisource","Wikisource"
"gvwiki",0.921546016907144,0.0627063359009069,0.0157476471919495,"gvwiki","Wikipedia"
"hakwiki",0.953890114074686,0.0279830187741409,0.0181268671511733,"hakwiki","Wikipedia"
"hawiki",0.478747713629606,0.443150804460978,0.0781014819094161,"hawiki","Wikipedia"
"hawwiki",0.538549765663024,0.419701251083747,0.0417489832532289,"hawwiki","Wikipedia"
"hewiki",0.999704879127911,0.000117284385602733,0.000177836486486597,"hewiki","Wikipedia"
"hewikiquote",0.995675699964964,0.00242837865534978,0.0018959213796866,"hewikiquote","Wikiquote"
"hewikisource",0.985716260820262,0.0119061650214608,0.00237757415827753,"hewikisource","Wikisource"
"hifwiki",0.64054736442395,0.359058463064803,0.000394172511247326,"hifwiki","Wikipedia"
"hiwiki",0.985676325078094,0.00112265945920465,0.0132010154627017,"hiwiki","Wikipedia"
"hiwikibooks",0.00078064012490242,0.00078064012490242,0.998438719750195,"hiwikibooks","Wikibooks"
"hiwikiquote",0.998438719750195,0.000780640124902833,0.00078064012490242,"hiwikiquote","Wikiquote"
"howiki",0.000780640124902882,0.998438719750194,0.000780640124902816,"howiki","Wikipedia"
"hrwiki",0.996457231567432,0.00071418499290866,0.00282858343965898,"hrwiki","Wikipedia"
"hrwikiquote",0.883614784707224,0.0503399406453166,0.0660452746474592,"hrwikiquote","Wikiquote"
"hrwikisource",0.593233729210447,0.135252076123097,0.271514194666457,"hrwikisource","Wikisource"
"hsbwiki",0.76873863789925,0.15535348925689,0.0759078728438593,"hsbwiki","Wikipedia"
"htwiki",0.581807536221897,0.114349849939215,0.303842613838889,"htwiki","Wikipedia"
"huwiki",0.885075902822326,0.114443821745954,0.000480275431719435,"huwiki","Wikipedia"
"huwikiquote",0.990046919289459,0.00280253419391701,0.00715054651662394,"huwikiquote","Wikiquote"
"huwikisource",0.930002211171349,0.0184421164063041,0.0515556724223467,"huwikisource","Wikisource"
"hywiki",0.531867559885657,0.468031097883956,0.00010134223038708,"hywiki","Wikipedia"
"hywikiquote",0.994502859947553,0.00215296740158281,0.00334417265086426,"hywikiquote","Wikiquote"
"hywikisource",0.332109871404039,0.0217604407741611,0.6461296878218,"hywikisource","Wikisource"
"iawiki",0.998770207984082,0.000692625651962244,0.000537166363956163,"iawiki","Wikipedia"
"idwiki",0.999275817792544,0.000605136854002823,0.000119045353452818,"idwiki","Wikipedia"
"idwikibooks",0.000780640124902882,0.998438719750194,0.000780640124902816,"idwikibooks","Wikibooks"
"idwikiquote",0.600037080652984,0.342121122082078,0.0578417972649373,"idwikiquote","Wikiquote"
"idwikisource",0.855329212340398,0.097191031500616,0.0474797561589861,"idwikisource","Wikisource"
"iewiki",0.968445826492003,0.0276787050148461,0.00387546849315095,"iewiki","Wikipedia"
"igwiki",0.538549765663024,0.419701251083747,0.0417489832532289,"igwiki","Wikipedia"
"ilowiki",0.963642001734371,0.0157788867777714,0.0205791114878576,"ilowiki","Wikipedia"
"iowiki",0.989563455711779,0.00507509131083158,0.00536145297738976,"iowiki","Wikipedia"
"iswiki",0.998571287257449,0.000599757567181255,0.00082895517536945,"iswiki","Wikipedia"
"iswikibooks",0.998438719750195,0.000780640124902524,0.00078064012490242,"iswikibooks","Wikibooks"
"iswikiquote",0.998438719750195,0.000780640124902532,0.000780640124902722,"iswikiquote","Wikiquote"
"iswikisource",0.978373640232867,0.0111829221812709,0.0104434375858625,"iswikisource","Wikisource"
"itwiki",0.99916280211024,0.000371053868308123,0.000466144021451904,"itwiki","Wikipedia"
"itwikibooks",0.294523350050706,0.035763163865743,0.669713486083551,"itwikibooks","Wikibooks"
"itwikiquote",0.986099881310787,0.00173834518092175,0.0121617735082916,"itwikiquote","Wikiquote"
"itwikisource",1.048498801393e-06,0.999997589252674,1.36224852487519e-06,"itwikisource","Wikisource"
"jamwiki",0.941904723725361,0.0418313456348344,0.0162639306398045,"jamwiki","Wikipedia"
"jawiki",0.999148850847668,0.000492036757322656,0.000359112395009404,"jawiki","Wikipedia"
"jawikibooks",0.728065992225411,0.00967023259112474,0.262263775183464,"jawikibooks","Wikibooks"
"jawikiquote",0.970102958493397,0.0176756246185767,0.0122214168880263,"jawikiquote","Wikiquote"
"jawikisource",0.992003695690472,0.00479555774848385,0.00320074656104416,"jawikisource","Wikisource"
"jbowiki",0.912972170386571,0.0717525090755115,0.0152753205379178,"jbowiki","Wikipedia"
"jvwiki",0.959536417324755,0.00468980922429168,0.0357737734509533,"jvwiki","Wikipedia"
"kaawiki",0.679823074405426,0.307553194412704,0.0126237311818701,"kaawiki","Wikipedia"
"kabwiki",0.86707610709017,0.0562203093826859,0.0767035835271441,"kabwiki","Wikipedia"
"kawiki",0.872960705109477,0.126923599792912,0.000115695097611001,"kawiki","Wikipedia"
"kawikiquote",0.928581466982284,0.0404211823119151,0.0309973507058006,"kawikiquote","Wikiquote"
"kbdwiki",0.00039068034453207,0.999372407818835,0.000236911836632531,"kbdwiki","Wikipedia"
"kgwiki",0.000780640124902882,0.998438719750194,0.000780640124902816,"kgwiki","Wikipedia"
"kiwiki",0.0704001783741374,0.894498208729227,0.0351016128966353,"kiwiki","Wikipedia"
"kjwiki",0.000780640124902882,0.998438719750194,0.000780640124902816,"kjwiki","Wikipedia"
"kkwiki",0.992006153353001,0.00721629429321045,0.000777552353788759,"kkwiki","Wikipedia"
"klwiki",0.000780640124902882,0.998438719750194,0.000780640124902816,"klwiki","Wikipedia"
"kmwiki",0.768433104102965,0.050862401382569,0.180704494514466,"kmwiki","Wikipedia"
"knwiki",0.98880530038891,0.00570758550454048,0.00548711410654907,"knwiki","Wikipedia"
"koiwiki",0.000780640124902882,0.998438719750194,0.000780640124902816,"koiwiki","Wikipedia"
"kowiki",0.998642380309482,0.000686411008794279,0.000671208681723931,"kowiki","Wikipedia"
"kowikibooks",0.998438719750194,0.000780640124902671,0.000780640124903255,"kowikibooks","Wikibooks"
"kowikiquote",0.952065301259056,0.0342596122789764,0.0136750864619675,"kowikiquote","Wikiquote"
"kowikisource",0.988769398087125,0.00297258336854718,0.00825801854432734,"kowikisource","Wikisource"
"krcwiki",0.998438719750195,0.000780640124902866,0.000780640124902655,"krcwiki","Wikipedia"
"kshwiki",0.753442692545683,0.222365968743379,0.0241913387109379,"kshwiki","Wikipedia"
"kswiki",0.998438719750195,0.000780640124902866,0.000780640124902655,"kswiki","Wikipedia"
"kuwiki",0.987998022059643,0.00925922152644227,0.00274275641391486,"kuwiki","Wikipedia"
"kuwikiquote",0.478747713629606,0.443150804460978,0.0781014819094161,"kuwikiquote","Wikiquote"
"kvwiki",0.563123732068655,0.383643978957893,0.0532322889734513,"kvwiki","Wikipedia"
"kwwiki",0.773040480704878,0.0224108941026383,0.204548625192483,"kwwiki","Wikipedia"
"kywiki",0.99770171427055,0.00148222542749901,0.000816060301951138,"kywiki","Wikipedia"
"ladwiki",0.969942171332748,0.027816087308325,0.00224174135892702,"ladwiki","Wikipedia"
"lawiki",0.995933064325163,0.000953966510871406,0.00311296916396608,"lawiki","Wikipedia"
"lawikiquote",0.716271433812957,0.247972582219663,0.0357559839673791,"lawikiquote","Wikiquote"
"lawikisource",0.991571602426498,0.00300132437930869,0.00542707319419341,"lawikisource","Wikisource"
"lbewiki",0.897006660790259,0.0764078206734828,0.0265855185362578,"lbewiki","Wikipedia"
"lbwiki",0.993181100205522,0.00337771654896344,0.00344118324551485,"lbwiki","Wikipedia"
"lezwiki",0.998438719750195,0.000780640124902866,0.000780640124902655,"lezwiki","Wikipedia"
"lgwiki",0.000780640124902882,0.998438719750194,0.000780640124902816,"lgwiki","Wikipedia"
"lijwiki",0.000780640124902882,0.998438719750194,0.000780640124902816,"lijwiki","Wikipedia"
"liwiki",0.944243241869364,0.0503606659614557,0.00539609216918029,"liwiki","Wikipedia"
"liwikiquote",0.765337069235482,0.139043272569295,0.0956196581952226,"liwikiquote","Wikiquote"
"lmowiki",0.941271954876981,0.0276112481556708,0.0311167969673476,"lmowiki","Wikipedia"
"lnwiki",0.538549765663024,0.419701251083747,0.0417489832532289,"lnwiki","Wikipedia"
"lowiki",0.870643649693992,0.0786501566000702,0.0507061937059382,"lowiki","Wikipedia"
"lrcwiki",0.779237188871863,0.0758500395930092,0.144912771535128,"lrcwiki","Wikipedia"
"ltwiki",0.990900356948833,0.0027832811423764,0.00631636190879054,"ltwiki","Wikipedia"
"ltwikibooks",0.00078064012490242,0.00078064012490242,0.998438719750195,"ltwikibooks","Wikibooks"
"ltwikiquote",0.745099898391059,0.213513235253165,0.0413868663557761,"ltwikiquote","Wikiquote"
"lvwiki",0.983022413025699,0.00109777086900231,0.0158798161052991,"lvwiki","Wikipedia"
"maiwiki",0.926367797381219,0.0595658968201931,0.0140663057985879,"maiwiki","Wikipedia"
"map_bmswiki",0.998438719750195,0.000780640124902866,0.000780640124902655,"map_bmswiki","Wikipedia"
"mdfwiki",0.290699450308218,0.698505416206476,0.010795133485306,"mdfwiki","Wikipedia"
"mediawikiwiki",0.998438719750194,0.000780640124902707,0.000780640124902866,"mediawikiwiki","Other"
"metawiki",0.997497528741935,0.00166952317100233,0.000832948087062398,"metawiki","Other"
"mgwiki",0.883942593912393,0.0933120506047998,0.0227453554828071,"mgwiki","Wikipedia"
"mhrwiki",0.0569214313997077,0.934048836265539,0.00902973233475333,"mhrwiki","Wikipedia"
"mhwiki",0.998438719750195,0.000780640124902821,0.000780640124902422,"mhwiki","Wikipedia"
"minwiki",0.863841101832193,0.0805174897763708,0.0556414083914359,"minwiki","Wikipedia"
"mkwiki",0.998321730148494,0.0006145506594947,0.0010637191920116,"mkwiki","Wikipedia"
"mlwiki",0.99833808561173,0.000695217167413823,0.000966697220855897,"mlwiki","Wikipedia"
"mlwikiquote",0.596245595869309,0.360266644085842,0.0434877600448491,"mlwikiquote","Wikiquote"
"mlwikisource",0.60835177544977,0.129114303069256,0.262533921480974,"mlwikisource","Wikisource"
"mnwiki",0.97481153894886,0.00643077966663224,0.0187576813845077,"mnwiki","Wikipedia"
"mrjwiki",0.129485682548107,0.841484248455544,0.029030068996349,"mrjwiki","Wikipedia"
"mrwiki",0.991230741855018,0.00280666728014289,0.0059625908648392,"mrwiki","Wikipedia"
"mrwikisource",0.000780640124902882,0.998438719750194,0.000780640124902816,"mrwikisource","Wikisource"
"mswiki",0.989809937028989,0.00910145420069462,0.00108860877031628,"mswiki","Wikipedia"
"mtwiki",0.943483743367847,0.0478456556870202,0.00867060094513316,"mtwiki","Wikipedia"
"mwlwiki",0.95305876033711,0.0153288231422589,0.0316124165206311,"mwlwiki","Wikipedia"
"myvwiki",0.228226158726277,0.105219233517238,0.666554607756485,"myvwiki","Wikipedia"
"mywiki",0.983410038418577,0.00858284501252847,0.00800711656889445,"mywiki","Wikipedia"
"mznwiki",0.954685287065143,0.0321590256654801,0.0131556872693771,"mznwiki","Wikipedia"
"nahwiki",0.866585302136224,0.020566234126309,0.112848463737467,"nahwiki","Wikipedia"
"napwiki",0.830468140462028,0.128521938509092,0.04100992102888,"napwiki","Wikipedia"
"nawiki",0.194192995081804,0.750821704886646,0.0549853000315504,"nawiki","Wikipedia"
"nds_nlwiki",0.817067642144002,0.134119573612969,0.0488127842430288,"nds_nlwiki","Wikipedia"
"ndswiki",0.848812914676469,0.00911542556215961,0.142071659761371,"ndswiki","Wikipedia"
"newiki",0.99810802193013,0.00177785973521761,0.000114118334652145,"newiki","Wikipedia"
"newwiki",0.961479636438654,0.0200091892595132,0.0185111743018332,"newwiki","Wikipedia"
"ngwiki",0.0704001783741374,0.894498208729227,0.0351016128966353,"ngwiki","Wikipedia"
"nlwiki",0.999179191203525,0.000429268001168272,0.000391540795306877,"nlwiki","Wikipedia"
"nlwikibooks",0.961296767955354,0.0045820281260579,0.0341212039185886,"nlwikibooks","Wikibooks"
"nlwikiquote",0.955775338753459,0.0248118363904358,0.0194128248561052,"nlwikiquote","Wikiquote"
"nlwikisource",0.96896249208965,0.0131831189365596,0.017854388973791,"nlwikisource","Wikisource"
"nnwiki",0.956742714178823,0.00103194303268323,0.0422253427884941,"nnwiki","Wikipedia"
"nnwikiquote",0.796515307508803,0.110991733301949,0.0924929591892486,"nnwikiquote","Wikiquote"
"novwiki",0.419584348060569,0.343251839641885,0.237163812297546,"novwiki","Wikipedia"
"nowiki",0.993826456411089,0.00510789258282082,0.00106565100609023,"nowiki","Wikipedia"
"nowikibooks",0.000780640124902882,0.998438719750194,0.000780640124902816,"nowikibooks","Wikibooks"
"nowikiquote",0.774219271738371,0.202764482372205,0.0230162458894241,"nowikiquote","Wikiquote"
"nowikisource",0.909609737483786,0.0901279424920852,0.00026232002412919,"nowikisource","Wikisource"
"nrmwiki",0.000780640124902882,0.998438719750194,0.000780640124902816,"nrmwiki","Wikipedia"
"nsowiki",0.538549765663024,0.419701251083747,0.0417489832532289,"nsowiki","Wikipedia"
"nvwiki",0.696119460728219,0.0552111857316047,0.248669353540177,"nvwiki","Wikipedia"
"nywiki",0.000780640124902882,0.998438719750194,0.000780640124902816,"nywiki","Wikipedia"
"ocwiki",0.973432373970874,0.00122336254587403,0.0253442634832525,"ocwiki","Wikipedia"
"olowiki",0.00760852057480498,0.984461707121092,0.00792977230410296,"olowiki","Wikipedia"
"omwiki",0.000780640124902882,0.998438719750194,0.000780640124902816,"omwiki","Wikipedia"
"orwiki",0.992616093587275,0.00666129064012674,0.000722615772598725,"orwiki","Wikipedia"
"oswiki",0.847023103020885,0.136771513439,0.0162053835401148,"oswiki","Wikipedia"
"pagwiki",0.000780640124902882,0.998438719750194,0.000780640124902816,"pagwiki","Wikipedia"
"pamwiki",0.943623509639086,0.050887642298611,0.00548884806230259,"pamwiki","Wikipedia"
"papwiki",0.267597949005024,0.714503849677619,0.0178982013173567,"papwiki","Wikipedia"
"pawiki",0.998400301367268,0.000934306495352849,0.000665392137379397,"pawiki","Wikipedia"
"pcdwiki",0.880258274441491,0.017353486351034,0.102388239207475,"pcdwiki","Wikipedia"
"pdcwiki",0.0704001783741374,0.894498208729227,0.0351016128966353,"pdcwiki","Wikipedia"
"pflwiki",0.636284383646588,0.318929006342149,0.0447866100112628,"pflwiki","Wikipedia"
"plwiki",0.998654583094591,0.000856020298384071,0.000489396607025118,"plwiki","Wikipedia"
"plwikibooks",0.00026081724334524,0.000261260053017777,0.999477922703637,"plwikibooks","Wikibooks"
"plwikiquote",0.999320543453082,0.00038031057033571,0.000299145976582083,"plwikiquote","Wikiquote"
"plwikisource",0.854520833294692,0.00404206327383456,0.141437103431474,"plwikisource","Wikisource"
"pmswiki",0.833682559205259,0.055775567866617,0.110541872928124,"pmswiki","Wikipedia"
"pnbwiki",0.991214319544125,0.00411410821941976,0.00467157223645541,"pnbwiki","Wikipedia"
"pntwiki",0.998438719750195,0.000780640124902421,0.000780640124902421,"pntwiki","Wikipedia"
"pswiki",0.941616852672355,0.0564411047496066,0.00194204257803883,"pswiki","Wikipedia"
"ptwiki",0.996285506405084,0.00117265307585634,0.00254184051905915,"ptwiki","Wikipedia"
"ptwikibooks",0.00026081724334524,0.000261260053017777,0.999477922703637,"ptwikibooks","Wikibooks"
"ptwikinews",0.000780640124902882,0.998438719750194,0.000780640124902816,"ptwikinews","Wikinews"
"ptwikiquote",0.973004567635,0.00381204800200563,0.0231833843629943,"ptwikiquote","Wikiquote"
"ptwikisource",0.975002208818221,0.000915936387946037,0.0240818547938326,"ptwikisource","Wikisource"
"quwiki",0.974478521301415,0.0111019346332499,0.014419544065335,"quwiki","Wikipedia"
"rmwiki",0.658350120089189,0.156060696399984,0.185589183510827,"rmwiki","Wikipedia"
"rnwiki",0.000780640124902882,0.998438719750194,0.000780640124902816,"rnwiki","Wikipedia"
"roa_rupwiki",0.753462020961563,0.210238574552149,0.0362994044862884,"roa_rupwiki","Wikipedia"
"roa_tarawiki",0.000780640124902446,0.000780640124902426,0.998438719750195,"roa_tarawiki","Wikipedia"
"rowiki",0.681623655811675,0.318079763318882,0.000296580869443177,"rowiki","Wikipedia"
"rowikiquote",0.925737281973206,0.0623656758154511,0.011897042211343,"rowikiquote","Wikiquote"
"rowikisource",0.924000375886585,0.0419835740896088,0.034016050023806,"rowikisource","Wikisource"
"ruewiki",0.867199688257881,0.117379574072498,0.015420737669622,"ruewiki","Wikipedia"
"ruwiki",0.505591043594394,0.494327546474626,8.14099309795209e-05,"ruwiki","Wikipedia"
"ruwikinews",0.927039437205173,0.0586574378187631,0.0143031249760636,"ruwikinews","Wikinews"
"ruwikiquote",0.999484798387046,0.000274370912782214,0.000240830700172039,"ruwikiquote","Wikiquote"
"ruwikisource",0.991266802198045,0.00130246628725234,0.0074307315147029,"ruwikisource","Wikisource"
"rwwiki",0.000780640124902882,0.998438719750194,0.000780640124902816,"rwwiki","Wikipedia"
"sahwiki",0.92734422875161,0.0602466649682898,0.0124091062801001,"sahwiki","Wikipedia"
"sawiki",0.995680154256392,0.00367749062174727,0.000642355121860886,"sawiki","Wikipedia"
"sawikisource",0.989311720222742,0.00911952087433089,0.00156875890292752,"sawikisource","Wikisource"
"scnwiki",0.907160618802807,0.0145492164973835,0.0782901646998097,"scnwiki","Wikipedia"
"scowiki",0.972097838867399,0.00276799906717438,0.0251341620654271,"scowiki","Wikipedia"
"scwiki",0.791703545735306,0.0217227101777561,0.186573744086938,"scwiki","Wikipedia"
"sdwiki",0.881611575700014,0.101103412025696,0.0172850122742898,"sdwiki","Wikipedia"
"sewiki",0.872464326848007,0.10026384511218,0.0272718280398131,"sewiki","Wikipedia"
"sgwiki",0.000780640124902882,0.998438719750194,0.000780640124902816,"sgwiki","Wikipedia"
"shwiki",0.997134769685618,0.000337379305096001,0.00252785100928617,"shwiki","Wikipedia"
"simplewiki",0.997267999467425,0.000381963700359443,0.00235003683221599,"simplewiki","Wikipedia"
"simplewikiquote",0.873778922842486,0.0229265175698466,0.103294559587667,"simplewikiquote","Wikiquote"
"siwiki",0.989502262440209,0.00707556560764325,0.00342217195214808,"siwiki","Wikipedia"
"skwiki",0.994010398366072,0.000648687962219767,0.00534091367170826,"skwiki","Wikipedia"
"skwikiquote",0.914694400506483,0.0586210940522616,0.0266845054412549,"skwikiquote","Wikiquote"
"slwiki",0.000672960306449979,0.998487434839799,0.000839604853751167,"slwiki","Wikipedia"
"slwikiquote",0.803063559622319,0.0412042321630357,0.155732208214645,"slwikiquote","Wikiquote"
"slwikisource",0.718192358195452,0.118416880717291,0.163390761087257,"slwikisource","Wikisource"
"smwiki",0.729300989439491,0.261400053579833,0.00929895698067609,"smwiki","Wikipedia"
"snwiki",0.267597949005024,0.714503849677619,0.0178982013173567,"snwiki","Wikipedia"
"sowiki",0.547678133914626,0.450216064126563,0.00210580195881042,"sowiki","Wikipedia"
"specieswiki",0.00397520713529557,0.000531337348657568,0.995493455516047,"specieswiki","Other"
"sqwiki",0.994055087114542,0.00261072280835227,0.00333419007710499,"sqwiki","Wikipedia"
"sqwikibooks",0.553869215487934,0.395046235760648,0.051084548751418,"sqwikibooks","Wikibooks"
"sqwikiquote",0.998438719750195,0.000780640124902866,0.000780640124902655,"sqwikiquote","Wikiquote"
"srnwiki",0.000780640124902882,0.998438719750194,0.000780640124902816,"srnwiki","Wikipedia"
"srwiki",0.991849412898675,0.00591155786083931,0.00223902924048579,"srwiki","Wikipedia"
"srwikibooks",0.776906769894033,0.0565816323423536,0.166511597763613,"srwikibooks","Wikibooks"
"srwikinews",0.000780640124902882,0.998438719750194,0.000780640124902816,"srwikinews","Wikinews"
"srwikiquote",0.721098387077371,0.0783234702003751,0.200578142722254,"srwikiquote","Wikiquote"
"srwikisource",0.890371131016374,0.0433653734297687,0.0662634955538575,"srwikisource","Wikisource"
"sswiki",0.000780640124902882,0.998438719750194,0.000780640124902816,"sswiki","Wikipedia"
"stqwiki",0.768322027288438,0.194813222449097,0.0368647502624656,"stqwiki","Wikipedia"
"stwiki",0.0704001783741374,0.894498208729227,0.0351016128966353,"stwiki","Wikipedia"
"suwiki",0.509701416465813,0.411041090084046,0.0792574934501413,"suwiki","Wikipedia"
"svwiki",0.436552230582068,0.563301241706116,0.000146527711815542,"svwiki","Wikipedia"
"svwikibooks",0.998438719750195,0.000780640124902877,0.000780640124902539,"svwikibooks","Wikibooks"
"svwikiquote",0.979851544726689,0.0151327878189465,0.00501566745436413,"svwikiquote","Wikiquote"
"svwikisource",0.00172888034812116,0.997381884588274,0.000889235063605102,"svwikisource","Wikisource"
"swwiki",0.987284411394323,0.00895546867764717,0.00376011992802987,"swwiki","Wikipedia"
"szlwiki",0.947456358282536,0.0383868584047597,0.0141567833127041,"szlwiki","Wikipedia"
"tawiki",0.976052399006514,0.00108707816712783,0.0228605228263578,"tawiki","Wikipedia"
"tawikibooks",0.998438719750195,0.000780640124902866,0.000780640124902655,"tawikibooks","Wikibooks"
"tawikinews",0.000780640124902882,0.998438719750194,0.000780640124902816,"tawikinews","Wikinews"
"tawikiquote",0.730927514757522,0.0408408050364788,0.228231680205999,"tawikiquote","Wikiquote"
"tawikisource",0.964961810161679,0.0233253366671736,0.011712853171148,"tawikisource","Wikisource"
"tcywiki",0.000780640124902882,0.998438719750194,0.000780640124902816,"tcywiki","Wikipedia"
"testwikidatawiki",0.998438719750195,0.00078064012490242,0.000780640124902543,"testwikidatawiki","Other"
"tetwiki",0.000780640124902882,0.998438719750194,0.000780640124902816,"tetwiki","Wikipedia"
"tewiki",0.984497209838048,0.00305735966269405,0.0124454304992585,"tewiki","Wikipedia"
"tgwiki",0.00941709180796163,0.989564374446928,0.00101853374511025,"tgwiki","Wikipedia"
"thwiki",0.996921769294085,0.000445098270932983,0.00263313243498155,"thwiki","Wikipedia"
"thwikibooks",0.237592260104327,0.0732967397776388,0.689111000118034,"thwikibooks","Wikibooks"
"thwikiquote",0.694465455978866,0.0882292673675717,0.217305276653562,"thwikiquote","Wikiquote"
"thwikisource",0.939552548926223,0.0225526250646562,0.0378948260091207,"thwikisource","Wikisource"
"tiwiki",0.000780640124902882,0.998438719750194,0.000780640124902816,"tiwiki","Wikipedia"
"tkwiki",0.957269926891019,0.0223493184709001,0.0203807546380812,"tkwiki","Wikipedia"
"tlwiki",0.998417937688243,0.000928979883716719,0.000653082428039917,"tlwiki","Wikipedia"
"tnwiki",0.538549765663024,0.419701251083747,0.0417489832532289,"tnwiki","Wikipedia"
"towiki",0.538549765663024,0.419701251083747,0.0417489832532289,"towiki","Wikipedia"
"tpiwiki",0.538549765663024,0.419701251083747,0.0417489832532289,"tpiwiki","Wikipedia"
"trwiki",0.999184458332043,0.000202727801296732,0.000612813866659746,"trwiki","Wikipedia"
"trwikibooks",0.00078064012490242,0.00078064012490242,0.998438719750195,"trwikibooks","Wikibooks"
"trwikiquote",0.991967126138867,0.00438566788244546,0.00364720597868789,"trwikiquote","Wikiquote"
"trwikisource",0.907536208430101,0.065921719418171,0.0265420721517283,"trwikisource","Wikisource"
"tswiki",0.000780640124902882,0.998438719750194,0.000780640124902816,"tswiki","Wikipedia"
"ttwiki",0.44714028365976,0.511811496112121,0.0410482202281195,"ttwiki","Wikipedia"
"tumwiki",0.000780640124902882,0.998438719750194,0.000780640124902816,"tumwiki","Wikipedia"
"twwiki",0.000780640124902882,0.998438719750194,0.000780640124902816,"twwiki","Wikipedia"
"tyvwiki",0.0941494904491849,0.905544622203764,0.000305887347051027,"tyvwiki","Wikipedia"
"tywiki",0.777123530110993,0.193117609111263,0.0297588607777439,"tywiki","Wikipedia"
"udmwiki",0.559234127909667,0.43777342302187,0.00299244906846335,"udmwiki","Wikipedia"
"ugwiki",0.983050222945795,0.0148744636260274,0.0020753134281779,"ugwiki","Wikipedia"
"ukwiki",0.846681482167766,0.153236951132693,8.15666995415456e-05,"ukwiki","Wikipedia"
"ukwikiquote",0.996331786221792,0.00236793375119504,0.00130028002701334,"ukwikiquote","Wikiquote"
"ukwikisource",0.944279531278653,0.0463351470050392,0.00938532171630726,"ukwikisource","Wikisource"
"urwiki",0.00634816949579125,0.993124098605867,0.000527731898341958,"urwiki","Wikipedia"
"urwikiquote",0.884968999189377,0.0384535530587607,0.0765774477518619,"urwikiquote","Wikiquote"
"uzwiki",0.98484662019058,0.00440432376184812,0.0107490560475722,"uzwiki","Wikipedia"
"vecwiki",0.87258723480179,0.0430883875086134,0.0843243776895962,"vecwiki","Wikipedia"
"vepwiki",0.0268406093311128,0.972301140378636,0.000858250290251126,"vepwiki","Wikipedia"
"vewiki",0.000780640124902882,0.998438719750194,0.000780640124902816,"vewiki","Wikipedia"
"viwiki",0.996360030441016,0.00324722758670176,0.000392741972282557,"viwiki","Wikipedia"
"viwikiquote",0.981576589469598,0.014225665645196,0.00419774488520554,"viwikiquote","Wikiquote"
"viwikisource",0.75241126528636,0.00249026735312383,0.245098467360516,"viwikisource","Wikisource"
"vlswiki",0.866392419689968,0.108641117324585,0.0249664629854475,"vlswiki","Wikipedia"
"vowiki",0.000780640124902882,0.998438719750194,0.000780640124902816,"vowiki","Wikipedia"
"warwiki",0.989795098211195,0.00490230906859956,0.0053025927202058,"warwiki","Wikipedia"
"wawiki",0.821624399335174,0.0369827211993634,0.141392879465463,"wawiki","Wikipedia"
"wikidatawiki",2.54751829741333e-05,0.0179619595198968,0.982012565297129,"wikidatawiki","Other"
"wowiki",0.478747713629606,0.443150804460978,0.0781014819094161,"wowiki","Wikipedia"
"wuuwiki",0.969944320954828,0.00959573794728932,0.0204599410978824,"wuuwiki","Wikipedia"
"xalwiki",0.000780640124902882,0.998438719750194,0.000780640124902816,"xalwiki","Wikipedia"
"xhwiki",0.267597949005024,0.714503849677619,0.0178982013173567,"xhwiki","Wikipedia"
"xmfwiki",0.988253868488954,0.00580681451424566,0.00593931699680018,"xmfwiki","Wikipedia"
"yiwiki",0.97605780219142,0.0117560846306839,0.0121861131778958,"yiwiki","Wikipedia"
"yowiki",0.905221605249184,0.0890608105356024,0.00571758421521406,"yowiki","Wikipedia"
"zawiki",0.850271921015326,0.0174668349159463,0.132261244068728,"zawiki","Wikipedia"
"zeawiki",0.709034481349913,0.280478716836415,0.010486801813672,"zeawiki","Wikipedia"
"zh_classicalwiki",0.995733269660388,0.0017927056522477,0.00247402468736418,"zh_classicalwiki","Wikipedia"
"zh_min_nanwiki",0.996860484063859,0.000924047840290498,0.00221546809585048,"zh_min_nanwiki","Wikipedia"
"zh_min_nanwikiquote",0.000780640124902882,0.998438719750194,0.000780640124902816,"zh_min_nanwikiquote","Wikiquote"
"zh_min_nanwikisource",0.998438719750195,0.000780640124902421,0.000780640124902421,"zh_min_nanwikisource","Wikisource"
"zh_yuewiki",0.995817235165506,0.0013711213279125,0.00281164350658134,"zh_yuewiki","Wikipedia"
"zhwiki",0.998181517163848,0.000112383263671988,0.00170609957247972,"zhwiki","Wikipedia"
"zhwikibooks",0.000391055018260533,0.000391589381420346,0.999217355600319,"zhwikibooks","Wikibooks"
"zhwikiquote",0.988729654242896,0.0027828850417643,0.00848746071534017,"zhwikiquote","Wikiquote"
"zhwikisource",0.983436822096924,0.000656811307095513,0.0159063665959808,"zhwikisource","Wikisource"
"zhwikivoyage",0.998438719750195,0.000780640124902534,0.000780640124902541,"zhwikivoyage","Wikivoyage"
"zuwiki",0.0704001783741374,0.894498208729227,0.0351016128966353,"zuwiki","Wikipedia"
