"","topic1","topic2","topic3","topic4","topic5","topic6","topic7","topic8","project","projecttype"
"aawikibooks",0.993036766579873,0.00669892023913091,1.72736871955888e-05,0.00012505179296662,2.13394974760724e-05,4.25935203198247e-05,3.61639581454243e-05,2.18907248924028e-05,"aawikibooks","Wikibooks"
"aawiktionary",0.991961951801939,0.00771085276296127,2.22079081299815e-05,0.000142176428798783,2.6820672970203e-05,5.49107947773145e-05,5.32956806350633e-05,2.77839497886312e-05,"aawiktionary","Wiktionary"
"abwiki",0.0826504554899525,0.913713994534873,0.000585727227562303,0.000257132584426957,5.21569015020655e-06,1.01657977019213e-05,0.00277563775921349,1.67091612014481e-06,"abwiki","Wikipedia"
"abwiktionary",0.968942923811479,0.0296113766737785,7.76934046293816e-05,0.000536584409579996,0.0001318079877428,0.000161995789302593,0.000443008537569661,9.46093859178195e-05,"abwiktionary","Wiktionary"
"acewiki",0.00222672233274192,0.994300039208755,0.00076067162471896,0.000116236672658206,5.26130165396389e-06,8.86752425008532e-06,0.00255934974470941,2.28515905123871e-05,"acewiki","Wikipedia"
"adywiki",0.00185432662539879,0.965963018178298,0.00178889088415541,0.00127005139151359,4.90243092430512e-05,8.95495380112378e-05,0.0289726827479452,1.24563254350896e-05,"adywiki","Wikipedia"
"afwiki",0.0168081247544959,0.171005679276988,0.639335024523135,0.171179353202914,1.83426904662644e-07,7.10248384068787e-05,0.00033398534370771,0.00126662463344714,"afwiki","Wikipedia"
"afwikibooks",0.992253577093443,0.00736899868383971,2.73125110606521e-05,0.000194801350211249,1.92739789794863e-05,3.48778026236334e-05,8.59226062543632e-05,1.52359735877147e-05,"afwikibooks","Wikibooks"
"afwikiquote",0.260529586459888,0.475483253919382,0.237932048124127,0.000501364803887299,4.14069432053079e-05,7.58969110366093e-05,0.0254218679791522,1.45748593208118e-05,"afwikiquote","Wikiquote"
"afwiktionary",0.998769596564387,0.0010178361956,0.000128576837036269,2.5498803041161e-05,2.42366414350202e-06,5.57968825919059e-06,4.90311638955302e-05,1.45708363727587e-06,"afwiktionary","Wiktionary"
"akwiki",0.00319089301046813,0.995780696760699,0.00063604098763037,4.0865199223028e-05,7.52765488557436e-06,8.7616784289277e-06,0.000111899999343941,0.000223314709320887,"akwiki","Wikipedia"
"akwikibooks",0.993036766579873,0.00669892023913091,1.72736871955888e-05,0.00012505179296662,2.13394974760724e-05,4.25935203198247e-05,3.61639581454243e-05,2.18907248924028e-05,"akwikibooks","Wikibooks"
"akwiktionary",0.991961951801939,0.00771085276296127,2.22079081299815e-05,0.000142176428798783,2.6820672970203e-05,5.49107947773145e-05,5.32956806350633e-05,2.77839497886312e-05,"akwiktionary","Wiktionary"
"alswiki",0.00617041367337415,0.337639822781024,0.655145229616762,3.10151655045262e-05,5.18120263303777e-07,8.70858646840871e-06,0.000978686450468216,2.56056061345376e-05,"alswiki","Wikipedia"
"alswikibooks",0.964276823174637,0.0343914462559858,7.76944019378139e-05,0.000475435807187244,0.000127315057666282,0.000113361452218177,0.000444023488293347,9.39003620747873e-05,"alswikibooks","Wikibooks"
"alswikiquote",0.99891304347826,0.000155279503105984,0.00015527950310559,0.000155279503105596,0.000155279503105591,0.00015527950310559,0.00015527950310559,0.00015527950310559,"alswikiquote","Wikiquote"
"alswiktionary",0.998913043478261,0.00015527950310595,0.00015527950310559,0.000155279503105598,0.000155279503105591,0.000155279503105591,0.000155279503105603,0.00015527950310559,"alswiktionary","Wiktionary"
"amwiki",0.000538665685368967,0.912372301203949,0.0867828646465381,0.000196712002668075,5.49383123282623e-06,9.88361770007087e-06,9.16935084170385e-05,2.38550412571047e-06,"amwiki","Wikipedia"
"amwikiquote",0.993816099840871,0.00585710484972331,6.27536463529001e-05,0.000123989563324872,2.08143588685218e-05,3.90023171361655e-05,6.03584644613958e-05,1.98769592614501e-05,"amwikiquote","Wikiquote"
"amwiktionary",0.995837883238996,0.0037780890555714,0.00010202030536151,0.000154263059555199,8.9635758201415e-06,2.29989006573836e-05,8.91638568905696e-05,6.6180071476102e-06,"amwiktionary","Wiktionary"
"angwiki",0.000382681472494474,0.563503725556772,0.371408081692431,0.0629665183069922,3.455375988101e-07,1.27071869726087e-06,0.00168941879375369,4.79579212607578e-05,"angwiki","Wikipedia"
"angwikibooks",0.993430952675295,0.00628272074389119,1.41337229896545e-05,0.00013365789708114,1.96916390540464e-05,3.61027344958123e-05,6.46388483861855e-05,1.81017388074179e-05,"angwikibooks","Wikibooks"
"angwikiquote",0.872189674191489,0.124178276599516,0.00180838113319138,0.000721640148796743,6.52803228387151e-05,0.00012596837048414,0.000879242807932393,3.15364257524316e-05,"angwikiquote","Wikiquote"
"angwikisource",0.993036766579873,0.00669892023913091,1.72736871955888e-05,0.00012505179296662,2.13394974760724e-05,4.25935203198247e-05,3.61639581454243e-05,2.18907248924028e-05,"angwikisource","Wikisource"
"angwiktionary",0.99848719866454,0.00100980522928362,0.000258322914555661,0.000100431659304798,1.13792105619843e-05,1.70376649797351e-05,0.00011011401408427,5.71064269037576e-06,"angwiktionary","Wiktionary"
"anwiki",0.0464655476854733,0.00726314758950581,0.445334055210597,0.459341227681081,0.0413638416996069,0.000133761311410499,9.82792348581499e-05,1.39587467515506e-07,"anwiki","Wikipedia"
"anwiktionary",0.997972142598412,0.00166056673443919,0.000212567419266902,5.92807499357935e-05,5.05520244974791e-06,9.95183644364439e-06,7.77526020816593e-05,2.68285697082394e-06,"anwiktionary","Wiktionary"
"arcwiki",0.0355275882598047,0.936433181789508,0.0277699470020397,6.37428422001351e-05,6.4049705112469e-06,1.03095735522376e-05,0.000140504000600898,4.8321561783138e-05,"arcwiki","Wikipedia"
"arwiki",0.00275355390713836,0.0001732447316504,0.0207822516312852,0.0101212104589898,0.000149957945201427,0.965945735533397,7.1704294183777e-05,2.34149815375134e-06,"arwiki","Wikipedia"
"arwikibooks",0.2182674625917,0.770813307020045,0.0100659865243452,0.000330009747296951,2.1566313617675e-05,4.31595958348946e-05,0.000451905575884131,6.602631276172e-06,"arwikibooks","Wikibooks"
"arwikinews",0.000974583500817178,0.79696119952333,0.201268415974089,0.000147783948872539,1.13102333150978e-05,1.816454362799e-05,0.000196371898227331,0.000422170377721339,"arwikinews","Wikinews"
"arwikiquote",0.00531950926026549,0.0432279010889883,0.162322046386948,0.788537049886605,1.86092563137996e-07,2.63924796984846e-07,0.000592850400136906,1.92959695945914e-07,"arwikiquote","Wikiquote"
"arwikisource",0.00100519074893976,0.318406475001837,0.00140621358666599,0.676828175567461,7.04151530651005e-06,1.65721344091977e-05,0.00227999135715199,5.03400882278995e-05,"arwikisource","Wikisource"
"arwiktionary",0.742161330274763,0.00235887871602863,0.255165541781104,0.000112114915868874,9.22958404395538e-06,1.65470567002201e-05,0.000173551608714071,2.80606277670596e-06,"arwiktionary","Wiktionary"
"arzwiki",0.000147432859205434,0.157117036995871,0.286331057896059,0.556386132643382,8.19078504494637e-08,1.0008574213673e-07,1.80046895759253e-05,1.52922313617549e-07,"arzwiki","Wikipedia"
"astwiki",0.0107054979795812,0.138689613172047,0.556810743780433,0.292819556415501,0.000280963288820149,0.000428685326119317,0.000264857482272634,8.25552255456355e-08,"astwiki","Wikipedia"
"astwikibooks",0.977911027851291,0.0212560459992912,5.18067230996609e-05,0.000332689165870105,7.42912126360583e-05,9.33243726536266e-05,0.00021748155374522,6.33331214127528e-05,"astwikibooks","Wikibooks"
"astwikiquote",0.977911027851291,0.0212560459992912,5.18067230996609e-05,0.000332689165870105,7.42912126360583e-05,9.33243726536266e-05,0.00021748155374522,6.33331214127528e-05,"astwikiquote","Wikiquote"
"astwiktionary",0.999328573051728,0.00039403228814281,0.000175071866634501,2.77054648536081e-05,4.99956744181388e-06,6.04791761811761e-06,6.16734486381919e-05,1.89639494329239e-06,"astwiktionary","Wiktionary"
"aswiki",0.000136036870669095,0.889827128597096,0.107099982169115,0.000385386366387823,5.22970526283891e-07,5.30667490651323e-05,0.0024976495037075,2.26773433235994e-07,"aswiki","Wikipedia"
"aswikibooks",0.993036766579873,0.00669892023913091,1.72736871955888e-05,0.00012505179296662,2.13394974760724e-05,4.25935203198247e-05,3.61639581454243e-05,2.18907248924028e-05,"aswikibooks","Wikibooks"
"aswikisource",0.322471275218808,0.673763010723974,0.000496854028548502,0.00244541238091398,5.30445935041924e-05,0.000134130740127679,0.000618721891510104,1.75504226128416e-05,"aswikisource","Wikisource"
"aswiktionary",0.991961951801939,0.00771085276296127,2.22079081299815e-05,0.000142176428798783,2.6820672970203e-05,5.49107947773145e-05,5.32956806350633e-05,2.77839497886312e-05,"aswiktionary","Wiktionary"
"atjwiki",0.197500172117152,0.791264898066945,0.00178324337790927,0.00617120552540698,0.000195043703902829,0.000416642429072291,0.00258977721679727,7.90175628148489e-05,"atjwiki","Wikipedia"
"avwiki",0.00368014246544209,0.736829839882119,0.000412625492324782,0.190392670718046,0.00282989937935163,0.0643416445871733,0.00151297373095713,2.03744585282326e-07,"avwiki","Wikipedia"
"avwiktionary",0.968942923811479,0.0296113766737785,7.76934046293816e-05,0.000536584409579996,0.0001318079877428,0.000161995789302593,0.000443008537569661,9.46093859178195e-05,"avwiktionary","Wiktionary"
"aywiki",0.000606903878665524,0.414945749207075,0.103531100919231,0.480814295790187,5.49112464449227e-06,1.23355598423233e-05,8.19496156875552e-05,2.17390466677236e-06,"aywiki","Wikipedia"
"aywikibooks",0.977911027851291,0.0212560459992912,5.18067230996609e-05,0.000332689165870105,7.42912126360583e-05,9.33243726536266e-05,0.00021748155374522,6.33331214127528e-05,"aywikibooks","Wikibooks"
"aywiktionary",0.998329280116361,0.00134069861849861,0.000131078929641137,8.36625584684635e-05,9.03238127387194e-06,1.36009444865179e-05,8.79193208632903e-05,4.7271304070198e-06,"aywiktionary","Wiktionary"
"azbwiki",0.000148483882417869,0.96286071080156,0.030297676457588,0.00162979862600444,1.20260874625487e-05,2.53212010015872e-05,0.00498853416598566,3.74487779798472e-05,"azbwiki","Wikipedia"
"azwiki",0.0438293998274696,0.00981926506912665,0.438330620532427,0.402164316207679,0.0693547522446156,0.0364204191036893,8.08697891855262e-05,3.57225807164843e-07,"azwiki","Wikipedia"
"azwikibooks",0.131346934706893,0.438955833036559,0.427285962616093,8.72160742181119e-05,5.42926024812508e-06,9.20243864832658e-06,0.00230468218125737,4.73968608385925e-06,"azwikibooks","Wikibooks"
"azwikiquote",0.00326743744507648,0.34798862295431,0.648332466616772,9.02808435344714e-05,2.501052812207e-05,0.000166985816766166,0.000125225640715487,3.97015470396946e-06,"azwikiquote","Wikiquote"
"azwikisource",0.101142674271083,0.237531034065901,0.133087154784923,0.527654443817872,1.3886873722766e-07,1.78473277698643e-07,0.000584235554918256,1.4016328790694e-07,"azwikisource","Wikisource"
"azwiktionary",0.945454979815271,0.0536269557706723,0.000731937110484276,7.6268411075723e-05,8.0109611703958e-06,9.92013613296549e-06,8.97569433905091e-05,2.17085180286413e-06,"azwiktionary","Wiktionary"
"barwiki",0.0203220766590735,0.120480159727137,0.454513164467014,0.398748308050108,3.05607076499021e-05,0.00559984708489254,0.000280056140656779,2.58271634685381e-05,"barwiki","Wikipedia"
"bat_smgwiki",0.0011077650957819,0.505384980400357,0.493338054075022,7.69624589483698e-05,4.65755868373921e-06,1.17052335118936e-05,7.28512381469092e-05,3.02393954891419e-06,"bat_smgwiki","Wikipedia"
"bawiki",0.00645736756577774,0.030342564131627,0.342361080938957,0.361328765673056,0.111549512494884,0.147892182174798,6.83465453339153e-05,1.80475565177412e-07,"bawiki","Wikipedia"
"bawikibooks",0.23675010262875,0.753967158998462,0.00567967928770377,0.0012923028795323,0.000259509990869057,0.000408870297393657,0.00155001165184551,9.23642654437641e-05,"bawikibooks","Wikibooks"
"bclwiki",0.000169861059234408,0.648737666413771,0.00454298881882122,0.346179456234896,1.56149140756081e-05,3.28027616580324e-05,0.000317684577489941,3.92522005337377e-06,"bclwiki","Wikipedia"
"be_x_oldwiki",0.0216018796827197,0.00352616531770703,0.297596258289662,0.293017413992444,0.323236685415951,0.0609584273082472,5.84943545758966e-05,4.6756386923273e-06,"be_x_oldwiki","Wikipedia"
"bewiki",0.00383163477647338,0.0017360105005264,0.0477577731392821,0.053629475952154,0.698786501357994,0.194247373891395,1.12184715139654e-05,1.19106609456825e-08,"bewiki","Wikipedia"
"bewikibooks",0.593544726401261,0.403891970330353,0.00164067049974722,0.000361047251020325,3.17292382223362e-05,5.03845438347499e-05,0.000469080049394867,1.03916861663101e-05,"bewikibooks","Wikibooks"
"bewikiquote",0.0902918012739827,0.469934347894694,0.429499118317296,0.0100393738918131,1.09464787818704e-05,2.85570035126796e-05,0.000190388405970839,5.46673394810702e-06,"bewikiquote","Wikiquote"
"bewikisource",0.107923829577611,0.720897287076782,0.156802190332176,0.0137629244002268,2.89822874760588e-05,7.07187588682069e-05,0.000460302987881443,5.37645789784548e-05,"bewikisource","Wikisource"
"bewiktionary",0.99921356201648,0.000551456746599224,0.000136109675188834,3.01655874053676e-05,4.02564863160118e-06,6.67161195888869e-06,5.61350797048241e-05,1.87363403089808e-06,"bewiktionary","Wiktionary"
"bgwiki",0.017906664042423,9.26934171743806e-05,0.433208850759754,0.458835366292941,0.0800016941745937,0.00984264676579838,8.7610813900803e-05,2.4473733415287e-05,"bgwiki","Wikipedia"
"bgwikibooks",0.924696555437732,0.0619312102242774,0.0114069377833324,0.000436062091023349,7.68748023650399e-05,0.000121176120154764,0.00130799206593858,2.31914751765831e-05,"bgwikibooks","Wikibooks"
"bgwikinews",0.00645017153190311,0.989182083078679,0.00259094894208066,0.000588594298603583,3.58063629001007e-05,6.62908421849918e-05,0.000517918620838063,0.000568186322810157,"bgwikinews","Wikinews"
"bgwikiquote",0.0747305856864489,0.0399793592042249,0.878669218855981,0.000151583893436294,2.10832832800155e-05,0.000151212826348665,0.00629298661990088,3.96963037956875e-06,"bgwikiquote","Wikiquote"
"bgwikisource",0.151989194448568,0.802838291492208,0.00916446230577738,0.0350717062007242,5.14492725499767e-05,0.000143670597956257,0.000716304229336935,2.49214528784379e-05,"bgwikisource","Wikisource"
"bgwiktionary",0.99811334045482,0.000439217778534615,0.001113179238826,7.01538929742675e-05,1.46306887209368e-05,2.2770861832044e-05,0.000222044377864394,4.6627064280704e-06,"bgwiktionary","Wiktionary"
"bhwiki",0.000384192892590295,0.205272177525822,0.0601019020696227,0.716198276889497,1.1668975762017e-07,4.69771795143687e-07,0.0180427421270143,1.22033900420934e-07,"bhwiki","Wikipedia"
"bhwiktionary",0.991961951801939,0.00771085276296127,2.22079081299815e-05,0.000142176428798783,2.6820672970203e-05,5.49107947773145e-05,5.32956806350633e-05,2.77839497886312e-05,"bhwiktionary","Wiktionary"
"biwiki",0.000655427579645148,0.915494254567839,0.0834683008135241,0.00016598080903093,1.09136022121801e-05,1.81299498440996e-05,0.000181672711467496,5.31996643742058e-06,"biwiki","Wikipedia"
"biwikibooks",0.993036766579873,0.00669892023913091,1.72736871955888e-05,0.00012505179296662,2.13394974760724e-05,4.25935203198247e-05,3.61639581454243e-05,2.18907248924028e-05,"biwikibooks","Wikibooks"
"biwiktionary",0.991961951801939,0.00771085276296127,2.22079081299815e-05,0.000142176428798783,2.6820672970203e-05,5.49107947773145e-05,5.32956806350633e-05,2.77839497886312e-05,"biwiktionary","Wiktionary"
"bjnwiki",0.0358726496702386,0.551213935509338,0.0558110413463071,0.356974541009709,5.28753508760969e-06,1.20712914604894e-05,9.31165082248837e-05,1.73571296338781e-05,"bjnwiki","Wikipedia"
"bmwiki",0.0022572222673293,0.997298629364369,0.000264655810037449,7.94946876918607e-05,5.35971175049682e-06,9.27061524751618e-06,8.31536070542516e-05,2.21393652055418e-06,"bmwiki","Wikipedia"
"bmwikibooks",0.964276823174637,0.0343914462559858,7.76944019378139e-05,0.000475435807187244,0.000127315057666282,0.000113361452218177,0.000444023488293347,9.39003620747873e-05,"bmwikibooks","Wikibooks"
"bmwikiquote",0.964276823174637,0.0343914462559858,7.76944019378139e-05,0.000475435807187244,0.000127315057666282,0.000113361452218177,0.000444023488293347,9.39003620747873e-05,"bmwikiquote","Wikiquote"
"bmwiktionary",0.998913043478261,0.00015527950310595,0.00015527950310559,0.000155279503105598,0.000155279503105591,0.000155279503105591,0.000155279503105603,0.00015527950310559,"bmwiktionary","Wiktionary"
"bnwiki",0.0173814749805127,0.00282947258796578,0.332249338231249,0.53530606129088,3.19203275290175e-05,0.000190133308572673,0.112011525474471,7.3798819886433e-08,"bnwiki","Wikipedia"
"bnwikibooks",0.386052526891586,0.61031599122468,0.00164635736285449,0.00116864264031415,4.14094147644336e-05,9.07615114815123e-05,0.000668058803188321,1.6252151131371e-05,"bnwikibooks","Wikibooks"
"bnwikisource",0.00554933958103388,0.000218243359994117,1.58031495381481e-05,0.994197934317321,1.34214051907735e-06,5.11303105095995e-06,1.06071535847006e-05,1.61726695827555e-06,"bnwikisource","Wikisource"
"bnwiktionary",0.997657442631666,0.00201160580733705,0.000140625198056348,8.5520078116862e-05,6.0641940552492e-06,1.22246331610565e-05,8.34362945273603e-05,3.08116307995144e-06,"bnwiktionary","Wiktionary"
"bowiki",0.0014614269564599,0.549305563904022,0.449056878157001,5.22233083546642e-05,6.39773981887845e-06,1.2237327089475e-05,9.03399469730648e-05,1.49326602806516e-05,"bowiki","Wikipedia"
"bowikibooks",0.993036766579873,0.00669892023913091,1.72736871955888e-05,0.00012505179296662,2.13394974760724e-05,4.25935203198247e-05,3.61639581454243e-05,2.18907248924028e-05,"bowikibooks","Wikibooks"
"bowiktionary",0.991961951801939,0.00771085276296127,2.22079081299815e-05,0.000142176428798783,2.6820672970203e-05,5.49107947773145e-05,5.32956806350633e-05,2.77839497886312e-05,"bowiktionary","Wiktionary"
"bpywiki",0.000504552115894795,0.0680356393889443,3.31648447294266e-05,0.931205568628661,1.32710130128684e-07,1.89263082001222e-07,0.000153273663862485,6.74793846957382e-05,"bpywiki","Wikipedia"
"brwiki",0.0623640575626957,0.0108860433750669,0.442951864678181,0.483624658989019,1.46878043017715e-07,6.80291660904566e-05,9.84975115179737e-05,6.70183938653218e-06,"brwiki","Wikipedia"
"brwikiquote",0.446188246503683,0.40305485018072,0.148345218359465,0.00110212785649203,7.45624679511409e-05,0.000118125025628723,0.00108734122009629,2.95283859643019e-05,"brwikiquote","Wikiquote"
"brwikisource",0.0612785753908535,0.00129975679314943,5.76477815045837e-05,0.937321244330041,2.77548529614685e-06,1.01514643723338e-05,2.46922199581134e-05,5.15653482471137e-06,"brwikisource","Wikisource"
"brwiktionary",0.997759472753481,0.00205038238192983,0.000117131210116758,2.10420611110849e-05,2.88891733129209e-06,3.11629071492217e-06,4.47867567101051e-05,1.17962860523311e-06,"brwiktionary","Wiktionary"
"bswiki",0.0108499667997337,0.0589840341643636,0.451564131669738,0.478486853491328,6.93453971516503e-08,2.18863004568417e-05,8.34457326855872e-05,9.61249629651257e-06,"bswiki","Wikipedia"
"bswikibooks",0.993430021511664,0.00624576383711685,2.73060539038975e-05,0.000151860134565374,1.82780546543082e-05,3.21349364264058e-05,7.90656968447969e-05,1.55697748245009e-05,"bswikibooks","Wikibooks"
"bswikinews",0.00199734783135231,0.993618431585879,0.00264845652732521,0.000249269632106662,2.22399281752525e-05,3.00442653050987e-05,0.000321317266587526,0.00111289296326918,"bswikinews","Wikinews"
"bswikiquote",0.00517054567858135,0.281932809437538,0.712567494215681,0.00011355579977912,1.36645510730304e-05,2.12333183984057e-05,0.000176794855066946,3.90214388154464e-06,"bswikiquote","Wikiquote"
"bswikisource",0.748489844977047,0.241812001540826,0.00697418998438759,0.00134613219023429,9.97186529621188e-05,0.000149256424843903,0.00109914408585143,2.97121438476062e-05,"bswikisource","Wikisource"
"bswiktionary",0.998324267494984,0.00146207125995023,0.000135556218349582,2.38663035315639e-05,2.83031194460035e-06,4.06681498050324e-06,4.61034575658595e-05,1.23813869400017e-06,"bswiktionary","Wiktionary"
"bugwiki",0.0344350115595327,0.965176728123647,0.000254890610102566,4.72849363853286e-05,3.64580923370163e-06,6.81840682319979e-06,7.39892482822744e-05,1.63130599328834e-06,"bugwiki","Wikipedia"
"bxrwiki",0.000518506994446945,0.588363340422425,0.129947999937474,0.0863220045925928,0.091192207787331,0.101682778968552,0.00197291606601895,2.45231159713112e-07,"bxrwiki","Wikipedia"
"cawiki",0.0191057332098865,0.143012399196501,0.681807688704398,0.135075966764569,7.09197637533457e-05,0.0146028626358028,0.00258466222464935,0.00373976750043997,"cawiki","Wikipedia"
"cawikibooks",0.226144779228831,0.765001309522889,0.000946408205992938,0.000167590435018922,1.22129365929556e-05,2.39895322592878e-05,0.00769953990936326,4.17022905251833e-06,"cawikibooks","Wikibooks"
"cawikinews",0.00113040228047577,0.906052430419244,0.0907443735281145,9.49287293524954e-05,9.03669493143311e-06,1.51444991166197e-05,0.000163693701196324,0.00178999014756866,"cawikinews","Wikinews"
"cawikiquote",0.00238033601179947,0.446234862595739,0.548160638563047,8.93220002405805e-05,9.28348342936381e-06,7.43777831986545e-05,0.00304921307882782,1.96648371840997e-06,"cawikiquote","Wikiquote"
"cawikisource",0.00133854027880597,0.209826685639001,0.00193925961649602,0.785956732998413,9.67941641225278e-06,0.000794162913164047,0.000121682410713291,1.32567269945712e-05,"cawikisource","Wikisource"
"cawiktionary",0.746194379213307,0.250202448462293,0.000379507474232584,8.39504875596884e-05,5.22557862788933e-06,9.03841388768235e-06,0.00312386874812934,1.58162196270208e-06,"cawiktionary","Wiktionary"
"cbk_zamwiki",0.000616497470891565,0.815250207205967,0.0266778674621944,0.157241025418929,1.34082297663988e-05,2.91667764769717e-05,0.000167018284352949,4.8091514215477e-06,"cbk_zamwiki","Wikipedia"
"cdowiki",0.000427202855687246,0.13452270752449,0.000130413647031308,0.864794380596327,1.04538623955939e-07,1.45605904232369e-07,0.000124936569631776,1.08662303986987e-07,"cdowiki","Wikipedia"
"cebwiki",0.0356873891620604,0.165919739151377,0.415338517649124,0.374973510733547,1.15604624908159e-07,1.32338847014701e-07,4.57985911824108e-05,0.00803479676923758,"cebwiki","Wikipedia"
"cewiki",9.01594098446547e-05,0.226726228236162,0.161974412015955,0.548198174930126,0.0148648825083543,0.0478441950024898,0.00030182147737725,1.26419690305403e-07,"cewiki","Wikipedia"
"chowiki",0.990834671986755,0.00872458411461635,1.72815933315878e-05,0.000249998472389079,2.1345523162434e-05,4.82074527906013e-05,8.12616837632295e-05,2.26491731916432e-05,"chowiki","Wikipedia"
"chrwiki",0.000373445534678638,0.994033831302878,0.00170849517797019,6.84215190816142e-05,9.21732640689181e-06,1.02385623594042e-05,0.00378844912583461,7.90145079020023e-06,"chrwiki","Wikipedia"
"chrwiktionary",0.999533174935459,0.000239619202576371,8.19220733333796e-05,3.59343334751115e-05,8.24972872067548e-06,1.11692721982325e-05,8.60602707555649e-05,3.87018348198114e-06,"chrwiktionary","Wiktionary"
"chwiki",0.00140057803696853,0.99795789450015,0.000360699132959299,0.000154414235241764,7.50662314498003e-06,1.33352108557013e-05,0.000102644231623831,2.92802905603164e-06,"chwiki","Wikipedia"
"chwikibooks",0.992600722473478,0.00712094701228395,1.94324185603384e-05,0.000122232297925639,2.45678789044407e-05,4.45267386577438e-05,4.32926747812375e-05,2.42785054089891e-05,"chwikibooks","Wikibooks"
"chwiktionary",0.991071195864375,0.00858738931920169,2.59083994943637e-05,0.000161591233572527,2.92464894030593e-05,6.61524020749293e-05,2.59168362927435e-05,3.25994555853398e-05,"chwiktionary","Wiktionary"
"chywiki",0.00100625160910107,0.855560399560108,0.136063205377379,0.000119646449924807,1.51146743650105e-05,1.99767343447038e-05,0.00716769165279727,4.77139419800644e-05,"chywiki","Wikipedia"
"ckbwiki",0.0330776360686005,0.0729563149543884,0.412725516210951,0.480753352083533,0.00033273602932769,6.47883413928767e-05,8.91704836886619e-05,4.85828117938573e-07,"ckbwiki","Wikipedia"
"commonswiki",8.36358520619279e-06,2.55996455638111e-06,5.1318569712918e-06,3.64780843805122e-06,4.61200684305653e-07,5.69924269961492e-07,5.13395612196928e-07,0.999978752264262,"commonswiki","Commons"
"cowiki",0.052594617003991,0.736357195336379,0.184619524994014,0.0262814702098762,7.29751978417553e-06,1.68771526434095e-05,0.000120137754653789,2.88002865874055e-06,"cowiki","Wikipedia"
"cowikibooks",0.992600722473478,0.00712094701228395,1.94324185603384e-05,0.000122232297925639,2.45678789044407e-05,4.45267386577438e-05,4.32926747812375e-05,2.42785054089891e-05,"cowikibooks","Wikibooks"
"cowikiquote",0.992600722473478,0.00712094701228395,1.94324185603384e-05,0.000122232297925639,2.45678789044407e-05,4.45267386577438e-05,4.32926747812375e-05,2.42785054089891e-05,"cowikiquote","Wikiquote"
"cowiktionary",0.999439347018993,0.000416524103974491,5.9211051520571e-05,2.98466299403892e-05,3.60481243543579e-06,6.00513075152214e-06,4.35919895648565e-05,1.86926281946019e-06,"cowiktionary","Wiktionary"
"crhwiki",0.000502677650923907,0.296300922949102,0.175940081614883,0.295876671920483,0.164747094288056,0.0664262698383441,4.78792340565834e-05,0.000158402504152219,"crhwiki","Wikipedia"
"crwiki",0.00452877564167228,0.995108677224545,0.000224987960657922,5.11822641190405e-05,4.37835767145697e-06,7.59167467719648e-06,7.23620880900163e-05,2.04478856668248e-06,"crwiki","Wikipedia"
"crwikiquote",0.992814640685744,0.00688390426154249,1.7273841035375e-05,0.000128812476613756,2.37551805234565e-05,4.13574077346425e-05,6.84486888321676e-05,2.18074579737272e-05,"crwikiquote","Wikiquote"
"crwiktionary",0.991961951801939,0.00771085276296127,2.22079081299815e-05,0.000142176428798783,2.6820672970203e-05,5.49107947773145e-05,5.32956806350633e-05,2.77839497886312e-05,"crwiktionary","Wiktionary"
"csbwiki",0.0502923539652187,0.834965889330341,0.114487573064232,9.80077441002669e-05,7.79564548422566e-06,1.28785414429407e-05,0.000133173269672149,2.32843950842809e-06,"csbwiki","Wikipedia"
"csbwiktionary",0.998931493089776,0.0005937683140483,0.000271776661190179,6.31185674566782e-05,1.21701951734785e-05,1.18966719327139e-05,0.000111746964970159,4.02953545257216e-06,"csbwiktionary","Wiktionary"
"cswiki",0.0285788795569678,0.000449270832077737,0.415960124918453,0.386178828379006,0.135187224224927,0.0229541677348028,0.000107734380622843,0.0105837699731433,"cswiki","Wikipedia"
"cswikibooks",0.524220322929026,0.458954950905877,0.00352504146177267,0.000254225240998881,2.45958221957794e-05,4.03926231448092e-05,0.0129733092617735,7.16175521117253e-06,"cswikibooks","Wikibooks"
"cswikinews",0.000938897668921605,0.608457558966021,0.234748184099658,0.14839864051036,2.00381661733664e-05,3.77218258485871e-05,0.00719008166045892,0.000208877102558486,"cswikinews","Wikinews"
"cswikiquote",0.00408605640479713,0.227108284081549,0.763462638864538,0.000108320773407048,9.91000863187435e-06,1.56376698434865e-05,0.00520589097719496,3.2612200377448e-06,"cswikiquote","Wikiquote"
"cswikisource",0.040686938929889,0.459731731948097,0.490891528645807,0.000280164277507789,3.08336822074602e-05,0.000100965806220011,0.00827236351428641,5.47319598530667e-06,"cswikisource","Wikisource"
"cswiktionary",0.988155217483694,0.00178949306153031,0.000451051477055473,0.000138644347864841,1.21856333761297e-05,1.80713633802226e-05,0.00943162936070267,3.7072723968576e-06,"cswiktionary","Wiktionary"
"cuwiki",0.00706844193416942,0.914915607490871,0.0778353110236317,4.75755099879346e-05,5.77343603759987e-06,9.07467381737199e-06,0.00010885352435806,9.36240712701445e-06,"cuwiki","Wikipedia"
"cvwiki",0.0262500174418375,0.225296612122885,0.275471298108439,0.437022912802942,0.0210841195043888,0.0144479773738046,0.000426899468773002,1.63176929593578e-07,"cvwiki","Wikipedia"
"cvwikibooks",0.955662437673728,0.0413245095229867,0.00162535981152367,0.000532878840294621,2.73517721788352e-05,0.000130114974270001,0.000666961836243413,3.0385568774976e-05,"cvwikibooks","Wikibooks"
"cywiki",0.0349296106483752,0.0305662925454057,0.450129924666219,0.48426458610694,8.89922003471061e-06,8.12192255737675e-06,9.23820385799014e-05,1.82851888698471e-07,"cywiki","Wikipedia"
"cywikibooks",0.988522817646065,0.00998605055800568,0.00073822490347493,0.000423236717384305,2.50698767018102e-05,4.86562374866761e-05,0.000241664262230784,1.42797986508088e-05,"cywikibooks","Wikibooks"
"cywikiquote",0.131698372229154,0.286805810847788,0.580232447764307,0.000730554070045758,2.48578741403213e-05,4.85074222966138e-05,0.000450323686919106,9.12610534930881e-06,"cywikiquote","Wikiquote"
"cywikisource",0.379933188204792,0.616901979444565,0.000894366763356679,0.00155074703133811,4.44822741567334e-05,0.000104574194891929,0.000550108876934249,2.05532099658395e-05,"cywikisource","Wikisource"
"cywiktionary",0.999319866298499,0.000430370881087577,0.000128357132032366,4.6174511442858e-05,5.12663383159819e-06,7.20800191881444e-06,6.06049889949808e-05,2.29155219253494e-06,"cywiktionary","Wiktionary"
"dawiki",0.0373572432631706,0.022716489833284,0.489532233454715,0.447286838792349,1.73469498465456e-05,0.00086117429422384,0.00208075284775741,0.000147920564653698,"dawiki","Wikipedia"
"dawikibooks",0.603412611572337,0.395814356752004,0.000501942258674352,9.77849681336291e-05,7.24434107073727e-06,1.49296417036927e-05,0.000147506195152764,3.62427092350498e-06,"dawikibooks","Wikibooks"
"dawikiquote",0.067796871354903,0.796889758089148,0.12673443279163,0.00013600339306121,1.18242059458055e-05,2.35592479466631e-05,0.00840243560808007,5.11530928532832e-06,"dawikiquote","Wikiquote"
"dawikisource",0.255372621493111,0.720352178765145,0.0226326216048354,0.000872231346554162,3.69541996378001e-05,7.0503423077257e-05,0.000641322021853003,2.15671457859698e-05,"dawikisource","Wikisource"
"dawiktionary",0.998982759872412,0.0007799304823136,0.00015428930960786,2.89658578116586e-05,2.66321561011647e-06,4.67738397030913e-06,4.55028885618371e-05,1.21098971207102e-06,"dawiktionary","Wiktionary"
"dewiki",0.042208013989646,0.00418081579030953,0.47460945404208,0.389335415870132,4.89181376518314e-05,0.0214780945199688,0.000181857470850813,0.0679574301793609,"dewiki","Wikipedia"
"dewikibooks",0.490996373553143,0.508019821111336,0.000688665238089275,0.000111653753598001,9.93141808406681e-06,1.42472419971254e-05,0.000156342243477038,2.96544027554377e-06,"dewikibooks","Wikibooks"
"dewikinews",0.0230836550561565,0.365915456807688,0.604747494278238,5.91480249614939e-05,6.42952550686503e-06,8.45736228317584e-06,0.000112657796739546,0.00606670114842696,"dewikinews","Wikinews"
"dewikiquote",0.00246090556459725,0.186456352707003,0.171182243781286,0.639821561631525,3.75862703712711e-06,8.94036075126618e-06,6.30249649690404e-05,3.21236283185912e-06,"dewikiquote","Wikiquote"
"dewikisource",0.333134886996491,0.409563492327296,0.256737946303845,0.000394717964314643,7.41219637939133e-06,1.46923300605036e-05,0.000139444853938612,7.40702767489524e-06,"dewikisource","Wikisource"
"dewikivoyage",0.00120348047296833,0.458497990081173,0.529364675812811,3.51322290880697e-05,1.04737184705188e-06,2.01308943080208e-05,0.00173858671330921,0.00913895642449625,"dewikivoyage","Wikivoyage"
"dewiktionary",0.997781487603651,0.00192045806185644,0.000189112533935306,3.06567664800557e-05,4.27672807057566e-06,5.55551348957316e-06,6.69569254622615e-05,1.49586705464556e-06,"dewiktionary","Wiktionary"
"dinwiki",0.205443202972592,0.77426137457304,0.0175433794012748,0.00070298055058095,0.000169108415175355,0.000157423273160695,0.00168969335060113,3.28374635751528e-05,"dinwiki","Wikipedia"
"diqwiki",0.000666555693845194,0.144622887631016,0.344210687446949,0.505640052921514,0.00445722737100774,0.000145796213823774,0.00025660674561424,1.85976229549872e-07,"diqwiki","Wikipedia"
"dsbwiki",0.00300178989817206,0.257056915826595,0.316052610441304,0.423533245488632,1.03797048811085e-07,1.2022195039201e-07,0.000355109186982178,1.05139315036242e-07,"dsbwiki","Wikipedia"
"dtywiki",0.000852094940874957,0.974060060281597,0.0023168222947239,0.00258798909509505,3.65565967600804e-05,8.57213238306955e-05,0.0200524455742092,8.30989290902969e-06,"dtywiki","Wikipedia"
"dvwiki",0.000271556566221132,0.998739614774671,0.000133681660036028,0.000731454194295,5.94080783202168e-06,1.54096738120286e-05,0.000100042939496944,2.29938363586156e-06,"dvwiki","Wikipedia"
"dvwiktionary",0.99820750417518,0.00151344374655545,0.000115504816850553,6.87950990037326e-05,5.80929218285218e-06,1.26156330566386e-05,7.26993720816056e-05,3.6278650891426e-06,"dvwiktionary","Wiktionary"
"dzwiki",0.00281990244334797,0.99653471747112,0.000381081621670377,0.000118742784750912,8.28232590603921e-06,1.40971233114917e-05,0.000109601364672351,1.35748652208625e-05,"dzwiki","Wikipedia"
"dzwiktionary",0.991961951801939,0.00771085276296127,2.22079081299815e-05,0.000142176428798783,2.6820672970203e-05,5.49107947773145e-05,5.32956806350633e-05,2.77839497886312e-05,"dzwiktionary","Wiktionary"
"eewiki",0.00182454013541841,0.924280062824639,0.000287525936960527,0.0735071841722877,5.8235237909219e-06,1.83713861801689e-05,7.31774918299424e-05,3.31452889314733e-06,"eewiki","Wikipedia"
"elwiki",0.0134422329472488,0.104932508696505,0.721777506943979,0.157211959489229,3.15270249563552e-05,0.00227659188585029,0.000301578791720752,2.6094220511888e-05,"elwiki","Wikipedia"
"elwikibooks",0.562269433313227,0.429513576568279,0.000483794796136778,0.000115225857457294,8.98619728578291e-06,1.67792355345283e-05,0.00758875226513364,3.45176694633881e-06,"elwikibooks","Wikibooks"
"elwikinews",0.000862188978701567,0.976376695992889,0.0219337673724183,0.000389747473175751,2.46381934269779e-05,3.39702985017309e-05,0.000310413753010935,6.85779378759379e-05,"elwikinews","Wikinews"
"elwikiquote",0.036520331152101,0.501866289242046,0.461086100849769,0.00018262309999832,1.57411377267435e-05,3.04237583171204e-05,0.000292539484234232,5.95127580781876e-06,"elwikiquote","Wikiquote"
"elwikisource",0.277334174898397,0.641354760394907,0.0689384593119959,0.000209962238496833,1.46500628109323e-05,0.00500251673603105,0.00714079501817676,4.68133918513837e-06,"elwikisource","Wikisource"
"elwikivoyage",0.00135234338925316,0.84980713431071,0.147589298106206,0.000340775149061581,3.18462188818946e-05,5.09815235687634e-05,0.000490451271492437,0.000337170030826133,"elwikivoyage","Wikivoyage"
"elwiktionary",0.998175515582422,0.00145677975957556,0.000264509240665695,3.36042856251358e-05,3.38699329268149e-06,6.79105672346423e-06,5.79771158188186e-05,1.43596587638356e-06,"elwiktionary","Wiktionary"
"emlwiki",0.000753771847647425,0.662969331262273,0.133282460507459,0.191516969967677,0.00253984193928794,0.00875376897650417,0.000171990509951185,1.186498920038e-05,"emlwiki","Wikipedia"
"enwiki",0.000177149800101775,0.000315472269088731,0.00114091071172355,0.149472409981768,6.81517956849727e-06,1.86207479910538e-05,0.848421141043183,0.000447480266575135,"enwiki","Wikipedia"
"enwikibooks",0.186070939407796,0.809689788149093,0.000756886335597157,0.000140988631604224,6.50983187903762e-06,1.26976429179202e-05,0.00332030151692518,1.88848418764628e-06,"enwikibooks","Wikibooks"
"enwikinews",0.0103382242062762,0.812397209349025,0.174685181707328,7.9996192420462e-05,5.48455919018856e-06,8.36497232432724e-06,0.000102358395909855,0.00238318061752578,"enwikinews","Wikinews"
"enwikiquote",0.00237822940467547,0.364326984850183,0.441892617632556,0.19039943033214,1.59136216286507e-07,2.40038930242619e-07,0.00100219245133798,1.46153960551279e-07,"enwikiquote","Wikiquote"
"enwikisource",0.0356079524027394,0.111897052850959,0.41367028387547,0.438171978188048,3.64234002592401e-07,0.000323970880805584,0.000327503434813878,8.9413316136761e-07,"enwikisource","Wikisource"
"enwikivoyage",0.0159283202658321,0.487311928050676,0.493736595678869,2.0986867052941e-05,3.9157832531951e-06,4.96688944487084e-06,6.9641230219775e-05,0.00292364523465226,"enwikivoyage","Wikivoyage"
"enwiktionary",0.343453934896179,0.156109518698381,0.499300581904052,1.72200163807657e-05,2.1006548837315e-07,2.74560023774469e-07,0.00108450794149276,3.37519180021939e-05,"enwiktionary","Wiktionary"
"eowiki",0.0301596396131543,0.0115795774794896,0.299529916290208,0.252739883469891,0.405513527287757,0.000116999175649166,5.09229521270168e-05,0.000309533731723818,"eowiki","Wikipedia"
"eowikibooks",0.146221726738491,0.852827181706178,0.000647129314838622,0.00010044208951406,7.65916426653251e-06,2.00695486794771e-05,0.000171848369424995,3.94306860680738e-06,"eowikibooks","Wikibooks"
"eowikinews",0.117903365334343,0.481663669267317,0.400108206644967,4.03313333607697e-05,5.33137862426834e-06,7.70453586478227e-06,8.70904731332967e-05,0.000184301032389654,"eowikinews","Wikinews"
"eowikiquote",0.00229917341081705,0.473425605262454,0.524021609504606,7.99232424518127e-05,9.2173379949727e-06,1.44169173455149e-05,0.00013761222235356,1.24421019775168e-05,"eowikiquote","Wikiquote"
"eowikisource",0.149570730937182,0.107063418072,0.000445168408811723,0.742820716202748,6.1333356302307e-06,1.84976314379421e-05,7.23007946765072e-05,3.03461751314966e-06,"eowikisource","Wikisource"
"eowiktionary",0.998100324435785,0.00171936992294959,0.000112249266138821,2.34655681075487e-05,2.41748504032054e-06,3.46603575192403e-06,3.76751125394956e-05,1.03217368772794e-06,"eowiktionary","Wiktionary"
"eswiki",0.0337733376944521,0.000257772115848254,0.490598295668606,0.432806727922136,0.0147229091365064,0.0268094346517952,0.000150531588423951,0.000880991222231441,"eswiki","Wikipedia"
"eswikibooks",0.200902098312907,0.662002639131975,0.128973952442215,0.000223851685066876,1.67402326563009e-05,3.02740744875268e-05,0.00784541530237071,5.02881832249063e-06,"eswikibooks","Wikibooks"
"eswikinews",0.00178377829968053,0.681954524787359,0.3160359523562,7.10059651233569e-05,7.67322121513308e-06,9.94467577603518e-06,0.000117967253582748,1.91534410633563e-05,"eswikinews","Wikinews"
"eswikiquote",0.00178501022082209,0.28191495867676,0.711046003683904,5.85038253984157e-05,0.00214762659972087,0.000205866819593609,0.00284113571588354,8.9445791758676e-07,"eswikiquote","Wikiquote"
"eswikisource",0.000288004130088566,0.0711731328766877,0.0906169990754997,0.837846522440451,2.84341122868223e-07,3.41124051315668e-05,4.04590361265001e-05,4.85694892437531e-07,"eswikisource","Wikisource"
"eswikivoyage",0.000473515986007083,0.378580219356882,0.620744109085874,4.35031215270236e-05,6.16359126122102e-06,7.64173952251887e-06,8.67032385450363e-05,5.81438803810896e-05,"eswikivoyage","Wikivoyage"
"eswiktionary",0.94183382755213,0.0571906792637279,0.000798899192888345,5.52170403689108e-05,5.77170872007926e-06,9.07886920475174e-06,0.000103997474677676,2.52889828301623e-06,"eswiktionary","Wiktionary"
"etwiki",0.00983947325920338,0.0351378211155177,0.474145632581005,0.478123788161025,6.06137959630247e-06,0.00199979160218951,9.49929306587377e-05,0.000652438970804609,"etwiki","Wikipedia"
"etwikibooks",0.978990181750709,0.0172546201307023,0.00233070791247365,0.000539905567388877,5.23970793239136e-05,8.06461632232897e-05,0.00073055924613549,2.09821500429402e-05,"etwikibooks","Wikibooks"
"etwikiquote",0.173528563773633,0.543848635244204,0.275156715731127,0.000698339975995733,0.000609373025529007,0.00509954540528755,0.00103592722471703,2.28996195068824e-05,"etwikiquote","Wikiquote"
"etwikisource",0.072933295013821,0.917741074352884,0.00684815981769538,0.00138980935028373,6.68453701171289e-05,0.000127540360276136,0.000871032191948732,2.22435429742359e-05,"etwikisource","Wikisource"
"etwiktionary",0.998015664511182,0.000816479709063425,0.000910924992442208,7.73139849988749e-05,1.62801498239743e-05,1.55296284176418e-05,0.000144035239921535,3.77178415050685e-06,"etwiktionary","Wiktionary"
"euwiki",0.0531711957800181,0.00576398858158213,0.476445056733694,0.461285338790509,0.000418591913336187,0.00237256136803495,8.07901445615041e-05,0.000462476688264467,"euwiki","Wikipedia"
"euwikibooks",0.652038997984675,0.343884072634005,0.00280260026498195,0.000428888652464802,4.76323270514746e-05,7.78337955001385e-05,0.000700917270256328,1.90570710653246e-05,"euwikibooks","Wikibooks"
