"","topic1","topic2","topic3","topic4","topic5","topic6","topic7","topic8","project","projecttype"
"abwiki",0.993134152340765,0.000164397828127386,0.00120583708436325,0.00274682945895845,0.000613707408639278,0.000814964613205538,0.00122346938377418,9.66418821669119e-05,"abwiki","Wikipedia"
"acewiki",0.417579981336169,0.581383572997235,0.000215019925710333,0.000306880080586502,2.29012557670724e-06,0.000479326430285247,3.83785718083422e-06,2.90912472563511e-05,"acewiki","Wikipedia"
"adywiki",0.975390190281425,0.00305971268496701,0.00214332265622698,0.00882391354841599,0.00120888041157776,0.00881591696994108,0.000329773661108238,0.000228289786338376,"adywiki","Wikipedia"
"afwiki",0.81962714701064,0.175240312788233,0.000167913216140363,9.71935651852199e-05,4.61516395079485e-05,0.0047905534357607,3.0230881869967e-05,4.97462662675482e-07,"afwiki","Wikipedia"
"afwikiquote",0.959627840778995,0.000371924675867779,0.000479613006827491,0.000396869190426838,0.0375453491075445,0.00119507175216038,0.000324658421675285,5.86730665029871e-05,"afwikiquote","Wikiquote"
"akwiki",0.976264574879729,0.0162686386731238,0.000789499937959702,0.00335985270838889,1.70203163075795e-05,0.00297432688050593,3.26599971179524e-05,0.000293426606866842,"akwiki","Wikipedia"
"alswiki",0.969780260910311,0.00103703846407601,0.0273105719899086,0.000232378124686725,6.89023171545239e-05,0.00143805889790093,0.000131995144528528,7.94151433448772e-07,"alswiki","Wikipedia"
"amwiki",0.996534928549704,0.000302963113757328,8.04978115008158e-05,0.000132268061240238,0.00030076173867824,0.00260028238488766,3.63196225876487e-05,1.1978717644112e-05,"amwiki","Wikipedia"
"angwiki",0.998337260349375,0.000495097264393301,0.000377579505168752,0.000350040757606224,4.11750489570728e-05,0.000338789734454186,3.85548001852367e-05,2.1502539859911e-05,"angwiki","Wikipedia"
"angwikiquote",0.894955437429769,0.000309373933285097,0.00902701997760962,0.0116719879621903,0.0192007945041679,0.0222691368612566,0.041637879817275,0.000928369514447118,"angwikiquote","Wikiquote"
"anwiki",0.653348704325761,0.341078915477055,0.000214948686124055,0.000108490605569823,0.000115634256015392,0.00510982418142764,2.32389068085287e-05,2.43561237945336e-07,"anwiki","Wikipedia"
"arcwiki",0.996629858331279,0.000949164926711817,0.000618691770160665,0.000781996929903029,9.07848188752384e-05,0.000543255379058639,0.000299013278812214,8.72345651990784e-05,"arcwiki","Wikipedia"
"arwiki",0.000224678091743764,0.000177419278839992,0.14393646203899,0.0341974115664917,3.71692468358703e-06,0.82146028409761,1.72077632685885e-08,1.07938777198361e-08,"arwiki","Wikipedia"
"arwikibooks",0.87734943518816,0.00116622674602235,0.03278343448118,0.0610581911921037,0.000136033832868752,0.026511775351337,0.000264219813912786,0.00073068339441497,"arwikibooks","Wikibooks"
"arwikinews",0.99679836344037,0.000132328810966042,0.000945963950384745,0.000678503932515772,7.92193554339794e-06,0.00129939727040368,1.74985623115865e-05,0.000120022097504843,"arwikinews","Wikinews"
"arwikiquote",0.998661820020388,0.000144393163839662,0.000147100418675412,0.000188288942061618,0.000530083256346965,0.000253045398033275,5.94870524018423e-05,1.57817482531917e-05,"arwikiquote","Wikiquote"
"arwikisource",0.988020330731223,0.000378931559877133,0.00146584611374497,0.00255419051299448,0.000526134543283549,0.00559028211699183,0.00128071488528965,0.000183569536595382,"arwikisource","Wikisource"
"arzwiki",0.895338554907856,0.101728399580769,0.000174472228521801,0.000115549278402375,0.000179949857535021,0.00243842142432794,1.85184743259628e-05,6.13424826161997e-06,"arzwiki","Wikipedia"
"astwiki",0.614258614434643,0.382022749845286,0.000238701572573573,7.75739043183754e-05,6.68255623215702e-05,0.00331692658350384,1.83640519794177e-05,2.44045374279534e-07,"astwiki","Wikipedia"
"aswiki",0.975075093338915,0.00146279673390893,0.000189200935929284,0.000439692599306486,0.000131624583780795,0.000405134710751987,0.000127395145033767,0.0221690619523735,"aswiki","Wikipedia"
"avwiki",0.722979624619703,0.000376569888374184,0.00215843490851504,0.21849387460799,0.000439941086383278,0.0553931213606602,3.84541647567279e-05,0.000119979363617767,"avwiki","Wikipedia"
"aywiki",0.98794423516532,0.010258141578783,0.000205184046297743,0.000277356558088719,0.000948210733058407,0.000224598424984178,0.000127098878038776,1.51746154294612e-05,"aywiki","Wikipedia"
"azbwiki",0.917339623796617,0.0759617478949128,0.000257562306057132,0.00503281693913881,6.44924915220817e-05,0.00112051298268757,0.000208466272191567,1.47773168729325e-05,"azbwiki","Wikipedia"
"azwiki",0.77553418256563,0.20544227634574,0.000139227138031422,0.0013871878255003,8.6682306517854e-05,0.0172660751065161,0.000144156527489351,2.12184575072745e-07,"azwiki","Wikipedia"
"azwikibooks",0.000271739130435612,0.000271739130434857,0.000271739130434955,0.000271739130435021,0.000271739130434783,0.000271739130434958,0.998097826086955,0.000271739130434783,"azwikibooks","Wikibooks"
"azwikiquote",0.977017016991252,0.000206941817531104,0.000137974795093648,0.000223126168968886,0.0221102070649634,0.000249230476877637,4.53787339879049e-05,1.01239513253762e-05,"azwikiquote","Wikiquote"
"azwikisource",0.988838670791582,0.000276930476677597,0.000730107409955225,0.00571048717085296,0.00187234381450869,0.00134628395808806,0.00112878832897653,9.63880493589094e-05,"azwikisource","Wikisource"
"barwiki",0.951069635372487,0.041820826855695,0.00035805891577561,0.000420324092558148,5.99964120917422e-05,0.00608521344229729,0.000172263544608503,1.36813644862843e-05,"barwiki","Wikipedia"
"bat_smgwiki",0.994977204087368,0.00132532631098222,0.000175500484257781,0.000174801568481805,0.000102881731517018,0.00318946172884005,4.23432398378918e-05,1.24808487151942e-05,"bat_smgwiki","Wikipedia"
"bawiki",0.836024133022713,0.0030227743832365,0.000232469615981158,0.157192804946545,0.000139362474905242,0.00333675632086991,4.21458779401571e-05,9.55335780922957e-06,"bawiki","Wikipedia"
"bclwiki",0.918293696071427,0.080970781311506,0.000169467380349117,0.000164519175264147,2.45418644779353e-05,0.000344706032585042,1.65866661847133e-05,1.57014982064876e-05,"bclwiki","Wikipedia"
"be_x_oldwiki",0.699064034260543,0.0442007576505331,0.000204099509018824,0.255974254272656,8.4366606567981e-05,0.00039397828800356,7.82670894691465e-05,2.42323207791148e-07,"be_x_oldwiki","Wikipedia"
"bewiki",0.347967616303638,0.0217303556035024,0.000120271632403946,0.620883418750929,1.83011501456122e-05,0.00439689250912872,1.04679096066117e-05,0.00487267614064536,"bewiki","Wikipedia"
"bewikiquote",0.991466378755497,0.00100792336638998,0.00522631925634239,0.000921102329060564,0.000458504001072176,0.000567652770562384,0.000295721483424238,5.63980376518338e-05,"bewikiquote","Wikiquote"
"bewikisource",0.618093444869393,0.000247033345224991,0.00146260925032536,0.01745334162809,0.0954585685060873,0.00121965516003099,0.265918913283922,0.000146433956926162,"bewikisource","Wikisource"
"bgwiki",0.0525626027078074,0.0364986254859201,2.84642244448132e-05,2.7280946643821e-05,6.36897446953722e-05,0.91081029817826,8.99569869237609e-06,4.30135358528873e-08,"bgwiki","Wikipedia"
"bgwikiquote",0.745475450873173,0.243937973282039,7.28398118797121e-05,0.000117210248833526,0.0101880983018471,0.000144829698668887,6.29448321875631e-05,6.52951371192292e-07,"bgwikiquote","Wikiquote"
"bgwikisource",0.987591688346229,0.000451104810572222,0.001818031116856,0.00171093234118958,0.00165019742337063,0.00343828898108233,0.00314486674952846,0.000194890231171688,"bgwikisource","Wikisource"
"bhwiki",0.932173608412359,0.0137423850975483,0.000507932181232203,0.000435832300504659,0.000558008247132396,0.0132122584839625,0.00882010833381561,0.0305498669434451,"bhwiki","Wikipedia"
"biwiki",0.840649403388887,0.158528361649653,0.000122413169255557,0.000230455136914974,0.000141234171414673,0.000266775338376138,4.63822270886296e-05,1.49749184091509e-05,"biwiki","Wikipedia"
"bjnwiki",0.95219602617476,0.0435759705489457,0.000574408103358649,0.00189858877461623,5.59973880387546e-05,0.00152704461961155,3.04057491078384e-05,0.000141558641561564,"bjnwiki","Wikipedia"
"bmwiki",0.99655391044182,0.000405868107178153,0.000520373510738141,0.00102833061894677,8.90791201849833e-05,0.00121899667179686,3.15099472682908e-05,0.000151931582067194,"bmwiki","Wikipedia"
"bnwiki",0.833091650202575,0.143396640335344,7.48185553988711e-05,0.00201100897814958,5.05457741685241e-05,0.0183504763794128,2.16042809624435e-05,0.00300325549398846,"bnwiki","Wikipedia"
"bnwikisource",0.975821779847065,0.00023286395803539,0.0030054687518752,0.0042323754393474,0.0130479060365523,0.00182725579539025,0.00153089809540207,0.000301452076332206,"bnwikisource","Wikisource"
"bowiki",0.996722105149862,0.000180659087151792,0.000645707737961854,0.000539605195352334,0.00102426163661716,0.000323364210643909,0.000541247660281639,2.3049322129226e-05,"bowiki","Wikipedia"
"bpywiki",0.991450109684193,0.0013945505162171,0.000873402850578131,0.00162838412098179,0.00272543376668393,0.000847260043486633,0.000981093637277857,9.97653805817381e-05,"bpywiki","Wikipedia"
"brwiki",0.538542490244522,0.0526553785257575,0.403742110236366,8.42151786262879e-05,0.00051097673502971,0.00442068678695337,4.39432104016069e-05,1.99082343534741e-07,"brwiki","Wikipedia"
"brwikiquote",0.969723995555065,0.00133071020339517,0.000800256886229351,0.0019747615319302,0.0241124195790098,0.00116326666612967,0.000787980498814122,0.000106609079426656,"brwikiquote","Wikiquote"
"brwikisource",0.271044321042,0.000139165314042425,0.00124216658018714,0.000943276701718364,0.724516422776788,0.00189210800247418,0.000100302899029483,0.000122236683760215,"brwikisource","Wikisource"
"bswiki",0.884276135883834,0.100872382354531,0.000986817263846854,0.0111950552464591,0.00140301143815995,0.00126084191576166,5.53737695178762e-06,2.18520455862322e-07,"bswiki","Wikipedia"
"bswikiquote",0.935912754254927,0.0549650899742767,0.000102325434380704,0.000163905929176132,0.00864692411261787,0.000157456126390559,4.38121606138459e-05,7.73200761761406e-06,"bswikiquote","Wikiquote"
"bswikisource",0.936809766616863,0.000472964826290795,0.00609572284724179,0.00453706535174833,0.0118270600576379,0.00574407916848122,0.0337585304421028,0.000754810689633905,"bswikisource","Wikisource"
"bugwiki",0.778008380961073,0.205563220930418,0.0026017337728142,0.00631776384506876,6.80558129292639e-05,0.00652268432797067,0.000144744628543091,0.00077341572118353,"bugwiki","Wikipedia"
"bxrwiki",0.722327311028398,5.52654553988535e-05,0.000133471765189399,0.276822720312506,0.000350041902789932,0.000183879193341059,0.000110849069414373,1.64612729631234e-05,"bxrwiki","Wikipedia"
"cawiki",0.192869029069591,0.336047012048645,0.464639248055806,0.000483030454268233,0.000193393176333697,0.00558777015096767,9.20910382465291e-07,0.000179596134005812,"cawiki","Wikipedia"
"cawikinews",0.991562066838667,0.00041628377693789,0.00294925622440131,0.00177023382875443,4.24233485877704e-05,0.00274798807522743,0.000106767490930033,0.000404980416493826,"cawikinews","Wikinews"
"cawikiquote",0.960518488428231,0.00104768890885175,0.000823501480830965,0.00244988870282205,0.00112003797238245,0.0340042292959963,2.87388739792214e-05,7.42633690617041e-06,"cawikiquote","Wikiquote"
"cawikisource",0.800253238820265,0.00010617434078257,0.00106382128352015,0.000803030704603724,0.196489179828338,0.000500076994765275,0.00076130330714487,2.3174720580554e-05,"cawikisource","Wikisource"
"cbk_zamwiki",0.477244000446078,0.521354510027364,0.000167099421190936,0.000256604751059479,0.000537341395479482,0.000332570145764089,8.20230803011273e-05,2.58507327636185e-05,"cbk_zamwiki","Wikipedia"
"cdowiki",0.992631046898062,0.000194327447453974,0.000175058233293178,0.000262503270648143,0.000523116330314022,0.00614211775707068,5.18994626208104e-05,1.99306005373845e-05,"cdowiki","Wikipedia"
"cebwiki",0.655475059885826,0.145483636133766,0.000757828112341477,0.193690163289038,9.77071521178158e-05,0.00446469703042967,1.87229637709191e-05,1.2185432709658e-05,"cebwiki","Wikipedia"
"cewiki",0.901547847059671,0.000280829814184608,0.000200435941330948,0.0897257153509634,0.000159070355147774,0.00795338468321579,5.89494038308083e-05,7.37673916561407e-05,"cewiki","Wikipedia"
"chrwiki",0.983242006187918,0.000759902843316928,0.00107845545829705,0.00123533796943749,0.0117798892419821,0.00144739911376531,0.000354881208660903,0.00010212797662208,"chrwiki","Wikipedia"
"chwiki",0.989234479736175,0.000148671959230621,0.00360186158833404,0.00496506445879985,0.000327379218739991,0.00120466846536594,0.00039975409633449,0.000118120477020651,"chwiki","Wikipedia"
"chywiki",0.980349128636462,0.011850196197427,0.00081245561576492,0.00505224851270245,2.63820750207486e-05,0.00172509133764837,7.18081854168394e-05,0.000112689439557094,"chywiki","Wikipedia"
"ckbwiki",0.784548309909046,0.150724503685816,9.033112771251e-05,0.00010183277666913,0.062910139957555,0.00159807280788896,2.02044919855947e-05,6.60524332709594e-06,"ckbwiki","Wikipedia"
"commonswiki",6.31182314974463e-06,2.74126174228099e-06,1.21492596060943e-06,4.94001657770937e-07,6.61998707484083e-07,6.5055813963526e-07,0.999987925187125,2.43517782111956e-10,"commonswiki","Commons"
"cowiki",0.591866038875211,0.403457787793832,0.000162627291259581,0.000242189252692511,0.000407429213594069,0.00380495390706184,4.81293957569801e-05,1.08442705925167e-05,"cowiki","Wikipedia"
"crhwiki",0.666645663672323,0.00153530922480788,0.000478390291663888,0.329874809695988,0.000528425023002618,0.000717606425542728,0.000158959618770297,6.08360479011222e-05,"crhwiki","Wikipedia"
"crwiki",0.975841270649854,0.0122016842295712,0.00144037926193559,0.00390246923430349,0.0011273461992627,0.00417984594548728,0.00012170041761007,0.00118530406197606,"crwiki","Wikipedia"
"csbwiki",0.398116336134086,0.584190959736017,0.000421668588977652,0.000568271400304225,8.22643874633496e-06,0.0157348023805665,0.000908692354655262,5.10429666463219e-05,"csbwiki","Wikipedia"
"cswiki",0.367483397296172,0.359799972093291,0.252171393933366,0.00383970476247209,0.00138174161165402,0.0109140876158717,0.00440966288869303,3.97984808351037e-08,"cswiki","Wikipedia"
"cswikinews",0.965396557478207,0.013157784397126,0.00231794232710943,0.0121194792205058,4.4609818342525e-05,0.00640956206551902,0.000112121275000148,0.000441943418189752,"cswikinews","Wikinews"
"cswikiquote",0.866575255126366,0.129589151818947,0.000110180560894275,0.00229793901150428,0.0004937970859266,0.000813609189969513,0.000119717706287178,3.4950010426239e-07,"cswikiquote","Wikiquote"
"cswikisource",0.605854859446418,0.000107098435718373,0.000428639313767815,0.00082627702878932,0.360535818150638,0.000285026942767168,0.0319486155744638,1.36651074374132e-05,"cswikisource","Wikisource"
"cuwiki",0.994239772582205,0.000363251721604933,0.00142087247206849,0.00137197569575857,0.000684644132835655,0.00156866040456477,0.000215992259875622,0.000134830731086654,"cuwiki","Wikipedia"
"cvwiki",0.963213971340244,0.0201949526279772,0.000248053462269349,0.000319940917824063,0.00362992145772146,0.0120440888410421,0.000347810452373699,1.26090054837164e-06,"cvwiki","Wikipedia"
"cywiki",0.686332093195181,0.246084900720394,0.0465978184512383,0.000100220371429604,9.33194008939232e-05,0.0197426019408436,0.00104883416886571,2.11751153747673e-07,"cywiki","Wikipedia"
"cywikiquote",0.921079286727943,0.0702138422080661,0.00131258549848291,0.00197329094048654,0.00204888050974104,0.00206610278585887,0.00122317197265579,8.28393567657461e-05,"cywikiquote","Wikiquote"
"dawiki",0.0607292519915061,0.379694036439401,0.559235496680179,0.000245105281925466,1.33990182182513e-05,7.84156860442962e-05,4.26012976346674e-06,3.47729623753479e-08,"dawiki","Wikipedia"
"dawikiquote",0.99487972125254,0.00128152920526163,0.000575618923702536,0.000747497614591565,0.00129493183714863,0.000923523448125155,0.000246493206481061,5.06845121496568e-05,"dawikiquote","Wikiquote"
"dawikisource",0.813840788413516,0.000647831362489181,0.00140554463684421,0.00669700339995118,0.172773166608407,0.00244798454344993,0.00204951353624515,0.000138167499096958,"dawikisource","Wikisource"
"dewiki",5.55343624554044e-05,0.900034041830407,0.099664288582842,6.72440980854294e-05,0.0001221924960149,1.82615380525353e-05,6.06930895485372e-06,3.23677831878741e-05,"dewiki","Wikipedia"
"dewikinews",0.997412298892922,0.000747532770455348,0.00051035146071022,0.000626487659979248,4.70442883642522e-06,0.000619431862078807,1.80398264300982e-05,6.11530985875233e-05,"dewikinews","Wikinews"
"dewikiquote",0.971555579532319,0.0222068945294319,0.000179432326403557,0.000173191399533569,0.00380292220758439,0.00154043345255178,0.000541072903891459,4.73648283856833e-07,"dewikiquote","Wikiquote"
"dewikisource",0.791153933383982,4.3531131010033e-05,0.000978033401663916,0.000323313176016202,0.0795827976855962,0.00965166699692852,0.118258862357218,7.8618675851304e-06,"dewikisource","Wikisource"
"dewikivoyage",0.975945169737861,0.00169206586394043,0.0116767814218081,0.00388263096853083,6.80551184181865e-05,0.00580532775215243,0.000175867005977643,0.000754102131311542,"dewikivoyage","Wikivoyage"
"dinwiki",0.91683472626685,0.0540521722568054,0.00465829811843928,0.0135214759238194,4.53774000733687e-05,0.00982367859973998,0.000135043839368342,0.000929227594904192,"dinwiki","Wikipedia"
"diqwiki",0.904331903251898,0.0945359617380511,0.000157806019202972,0.000255399729833585,0.000281775853268958,0.000382653684585783,3.8489465890421e-05,1.60102572689958e-05,"diqwiki","Wikipedia"
"dsbwiki",0.660323994465224,0.31430078279787,0.000352543980481788,0.000435762547547405,2.82574243993395e-05,0.00872437258034894,0.0158138250292777,2.04611748507267e-05,"dsbwiki","Wikipedia"
"dtywiki",0.484009791172596,0.510437718167784,0.000175358329669091,0.000380769480482072,2.50867094168974e-05,0.000952617494254009,2.61413886471939e-05,0.00399251725715063,"dtywiki","Wikipedia"
"dvwiki",0.959580308567964,0.0285461753131203,0.000504067731028948,0.00129814287545288,1.78459240908612e-05,0.00996004107329395,2.8776741218279e-05,6.4641773831124e-05,"dvwiki","Wikipedia"
"dzwiki",0.974510187472203,0.00518999729934719,0.00465509371805489,0.00665690576459792,0.00041287478197361,0.0066580702436036,0.000172166381945878,0.00174470433827409,"dzwiki","Wikipedia"
"eewiki",0.989457304349042,0.00121366999653494,0.00166763197240024,0.00256670059422406,0.000196639001949224,0.00428988636049025,8.03225191070352e-05,0.000527845206252583,"eewiki","Wikipedia"
"elwiki",0.377655545622147,0.224753994878095,0.390888580255103,0.00439502075285892,0.000122309217687203,0.00218147078218606,3.01012923083405e-06,6.83626918388941e-08,"elwiki","Wikipedia"
"elwikinews",0.966490550364933,0.000739969910470883,0.00577972103562438,0.00794153374432573,8.5108015727391e-05,0.0176926604738695,0.000164709488169936,0.00110574696687877,"elwikinews","Wikinews"
"elwikiquote",0.996567116011907,0.000992701897236777,0.000151899492472314,0.000236113589767173,0.00164215352634216,0.000335755105028949,5.96567498539103e-05,1.46036273921022e-05,"elwikiquote","Wikiquote"
"elwikisource",0.89824525713095,7.69117644416487e-05,0.000705315618455474,0.000687984056442262,0.0992302871325393,0.000525204422433132,0.000492104063237823,3.69358114998799e-05,"elwikisource","Wikisource"
"emlwiki",0.485576188409695,0.512621146655389,0.000317819855018964,0.000338766011951223,0.000321048268419999,0.000450056984214742,0.000357009567609491,1.79642477014264e-05,"emlwiki","Wikipedia"
"enwiki",0.129559394856399,0.106112806266227,0.319263112653216,0.00444196229520236,0.0178885063841863,0.00356187542569701,0.0798209460296781,0.339351396089395,"enwiki","Wikipedia"
"enwikibooks",0.966711745378294,0.000175955715277991,0.0194012259992998,0.00341856811769249,0.00172068995779022,0.00549739072207911,0.00258993859497728,0.000484485514589436,"enwikibooks","Wikibooks"
"enwikinews",0.997471288635828,0.00109383036826783,0.000313024369534005,0.000392717610786481,1.63064261183172e-05,0.000639954553240675,2.65686412626504e-05,4.63093949620822e-05,"enwikinews","Wikinews"
"enwikiquote",0.807875478607542,0.189443718692213,0.000124095217688224,0.000140094340904782,0.0017102387836025,0.000634900637769746,2.5615639090724e-05,4.58580811887557e-05,"enwikiquote","Wikiquote"
"enwikisource",0.78239604651592,5.29695786792387e-05,0.000271215603953373,0.000149288047380107,0.0870509527447258,0.0415918322219947,0.0884873752431775,3.2004416944789e-07,"enwikisource","Wikisource"
"enwikivoyage",0.822671267861864,0.0143675654323337,0.0284373402667751,0.0675528269635948,0.0107744746853308,0.00837289196407729,0.0450499732976155,0.00277365952840844,"enwikivoyage","Wikivoyage"
"eowiki",0.348012043522045,0.235195040689367,0.40444546105454,0.00148184938219894,0.000172226026981991,0.0101010381432508,0.000592269020110406,7.21615062856971e-08,"eowiki","Wikipedia"
"eowikinews",0.995544052696013,0.00015747658568485,0.00141921285083818,0.000840419380732442,2.52802707198758e-05,0.00176637140790113,3.00875242511256e-05,0.000217099283859377,"eowikinews","Wikinews"
"eowikiquote",0.989828776389368,9.41437600243052e-05,0.000127379010519181,0.000174763608699989,0.00648941515826219,0.00315992478965122,0.000113278576742213,1.23187067331234e-05,"eowikiquote","Wikiquote"
"eowikisource",0.789054104138287,0.00023426145400792,0.000797649548681538,0.00145304929654483,0.143743014945354,0.000610206901270307,0.0640717788706092,3.59348452452349e-05,"eowikisource","Wikisource"
"eswiki",0.115136199673585,0.650073005870128,0.230761704368009,0.000238584865930423,0.00192467050404251,0.00186055418596454,5.26780352596401e-06,1.27288151055729e-08,"eswiki","Wikipedia"
"eswikinews",0.997401362715866,0.00099223548698722,0.000575622868086156,0.000414448952158609,5.09076213078565e-06,0.000533686955996535,9.64134529478752e-06,6.79109134801696e-05,"eswikinews","Wikinews"
"eswikiquote",0.882485872787566,0.114893549902146,0.000105887930565036,0.000136042134614922,0.002228195597352,0.000135944358807647,1.38774433613642e-05,6.29845587223015e-07,"eswikiquote","Wikiquote"
"eswikisource",0.929596038951028,6.24033978324594e-05,0.000201649605225812,0.000138189188127339,0.0695911243690683,0.000285413524108127,0.000115847309565552,9.33365504455011e-06,"eswikisource","Wikisource"
"etwiki",0.768964843838562,0.20171324305157,0.0196563667155504,0.0018082374825016,4.64500291855746e-05,0.00756845900469404,0.000242256621790014,1.43256145657871e-07,"etwiki","Wikipedia"
"etwikiquote",0.996462316146528,0.000230207794481569,0.000225523600945196,0.000430096460214556,0.00214858410595205,0.000353431894861069,0.000125247759390422,2.45922376269192e-05,"etwikiquote","Wikiquote"
"etwikisource",0.656568462397201,0.000833485616098306,0.00315014257312834,0.00376108138015937,0.295964231198015,0.00611304326271269,0.033197103661971,0.000412449910714311,"etwikisource","Wikisource"
"euwiki",0.159858645892184,0.316659002822598,0.523203625531671,0.000196577237340355,1.9400787584609e-05,6.21806748724804e-05,5.39732809225953e-07,2.732094057442e-08,"euwiki","Wikipedia"
"euwikiquote",0.969777946081244,0.000874813631483654,0.000406827342597022,0.000605930894224679,0.0274714294913682,0.000656162157656206,0.000171157564489728,3.57328369362367e-05,"euwikiquote","Wikiquote"
"extwiki",0.912532836170483,0.0810492255986272,0.000324271336084098,0.000240978571586531,0.000268789604712554,0.00548796905926533,8.12788048559579e-05,1.46508543853149e-05,"extwiki","Wikipedia"
"fawiki",0.50124182244453,0.313326081790982,0.143698609325196,0.00449203246087521,0.0164873133303578,0.0198293550804674,0.000924683887398097,1.01680193313145e-07,"fawiki","Wikipedia"
"fawikinews",0.985736165790273,0.000536410328149421,0.00375676876089538,0.00170575969892697,3.36629798863269e-05,0.00763797276468413,9.01499363117716e-05,0.000503109740872468,"fawikinews","Wikinews"
"fawikiquote",0.993754749836406,0.00210596665423744,0.000103377565292037,0.000180862980346971,0.00150007970229883,0.00231476938276145,3.18789101487765e-05,8.31496850818931e-06,"fawikiquote","Wikiquote"
"fawikisource",0.950677201755568,0.00045784177599396,0.00182066015480675,0.00465119094745146,0.0397539926298981,0.00159713958166693,0.000885154321913755,0.000156818832701326,"fawikisource","Wikisource"
"ffwiki",0.973721536651991,0.00502945002493462,0.00206400089145201,0.0141136439829213,0.000495846884711055,0.0041368002416301,5.99080105401557e-05,0.000378813311820014,"ffwiki","Wikipedia"
"fiu_vrowiki",0.998325639803838,6.20894239885675e-05,0.000283074723539629,0.000303751245024803,0.000505471720344772,0.000235379995526746,0.000261149684933764,2.34434028034309e-05,"fiu_vrowiki","Wikipedia"
"fiwiki",0.305807261527142,0.180871267881308,0.508623039745265,0.000779051583662686,8.7041739243712e-05,0.00381037417608825,2.18924660789632e-05,7.08812113638298e-08,"fiwiki","Wikipedia"
"fiwikiquote",0.994221257651869,0.000734389564441831,0.000239031995089326,0.000298086257718993,0.00413268437904865,0.000312598812581497,4.95213064693209e-05,1.24300327809277e-05,"fiwikiquote","Wikiquote"
"fiwikisource",0.760927778739107,0.000105916344700997,0.000554983295806547,0.000781000396793973,0.217941850614123,0.000447262211700061,0.0192069966881868,3.42117095821607e-05,"fiwikisource","Wikisource"
"fiwikivoyage",0.0216951670149707,0.959072588856029,0.00329756306705571,0.0117395698585948,6.80494656268886e-05,0.00384360142144889,9.45938116563848e-05,0.000188866504617241,"fiwikivoyage","Wikivoyage"
"fjwiki",0.989517858966634,0.00225474142405982,0.00121991446403045,0.00383131811237863,0.000207932147459191,0.00223693672699526,0.000414492182510531,0.000316805975932447,"fjwiki","Wikipedia"
"fowiki",0.098467372231269,0.0142910717348656,0.887122099221974,4.38601300786065e-05,9.62563957907689e-06,5.45461011430939e-05,1.01825456720722e-05,1.24239541843238e-06,"fowiki","Wikipedia"
"frpwiki",0.659972624567721,0.338717977181077,0.000242011707381028,0.000408529172307951,3.37950412621974e-05,0.000573160632129464,1.33342664051656e-05,3.85674317157414e-05,"frpwiki","Wikipedia"
"frrwiki",0.971820377177277,0.000147106463398347,0.000938224211222804,0.000672387660983837,0.00162896513802464,0.0244392730066624,0.000307564223304084,4.61021191272271e-05,"frrwiki","Wikipedia"
"frwiki",0.0691545900539988,0.0504072446400089,0.861832652567797,0.00031311160255208,0.014112022918949,0.00242903640347088,0.00175131056302802,3.12501956057609e-08,"frwiki","Wikipedia"
"frwikibooks",0.757383465300484,0.00140673808676106,0.00636051647144705,0.00655423254835531,0.00114852219688502,0.00847988620747608,0.218190494409781,0.000476144778809885,"frwikibooks","Wikibooks"
"frwikinews",0.145920567613269,0.000118633902388124,0.853688594020278,8.68641211590197e-05,1.36212542459518e-06,0.000167437963419897,2.37845577454602e-06,1.41617982872732e-05,"frwikinews","Wikinews"
"frwikiquote",0.870585945369409,0.0193888650502614,0.000160460407873606,0.000283202791995417,0.109353991061274,0.00018926255748042,3.26065018607367e-05,5.66625984452048e-06,"frwikiquote","Wikiquote"
"frwikisource",6.86524549276743e-09,2.07281744146045e-09,2.56731866517926e-09,2.5637302583905e-09,0.999999977065219,4.38589837907738e-09,2.50602542526364e-09,1.97374491417353e-09,"frwikisource","Wikisource"
"frwikivoyage",0.0002717391304351,0.000271739130434829,0.000271739130435239,0.998097826086955,0.000271739130434783,0.000271739130434851,0.000271739130435482,0.000271739130434811,"frwikivoyage","Wikivoyage"
"furwiki",0.997499187143743,0.000260416912094134,0.000509666939476704,0.000621945020187634,0.000372914350188531,0.000397085846186422,0.000303929041642029,3.48547464813161e-05,"furwiki","Wikipedia"
"fywiki",0.822086114949375,0.134226847463576,0.0182297904683914,0.000169764148097554,0.00306169939697341,0.00995115564457514,0.0122743251406575,3.02788354544767e-07,"fywiki","Wikipedia"
"gagwiki",0.97744626108424,0.00491050189090573,0.00392276894388437,0.00703081934711792,3.31931664963507e-05,0.0028851816796696,0.00367232126861892,9.89526190671283e-05,"gagwiki","Wikipedia"
"ganwiki",0.989021667792497,0.000368515936890618,0.000343147026192091,0.000450141212586884,0.000897528637974551,0.00857809073777251,0.000316662837288103,2.42458187978323e-05,"ganwiki","Wikipedia"
"gawiki",0.780855101210531,0.215646417623781,0.000100525353993334,0.00135748802553967,7.9695362474746e-05,0.00193951985260122,2.09932905674309e-05,2.59280511569245e-07,"gawiki","Wikipedia"
"gdwiki",0.907192448688629,0.090797331536946,0.000115915283912882,0.000165399445048471,6.27019487518304e-05,0.00163897808064731,2.00022134065221e-05,7.22280265762882e-06,"gdwiki","Wikipedia"
"glkwiki",0.911144390501577,0.072021244198851,0.00156951403586212,0.0114199687280242,0.000608795925039041,0.00285184275591333,0.000229023756001307,0.00015522009873227,"glkwiki","Wikipedia"
"glwiki",0.59706217233103,0.306732447552059,0.0673334728354237,0.0026704866355298,0.000732072955202762,0.0251759919292583,0.000293227430013095,1.28331482664397e-07,"glwiki","Wikipedia"
"glwikiquote",0.997397567184197,0.000204403775950703,0.000205041092826494,0.000318106150053221,0.00146940597339129,0.000267305458675685,0.000118676981610664,1.94933832944465e-05,"glwikiquote","Wikiquote"
"glwikisource",0.779316295921649,0.00081758366106245,0.00284844481867612,0.00504306109782919,0.207299519732445,0.00313374436449296,0.00142733480432434,0.000114015599521122,"glwikisource","Wikisource"
"gnwiki",0.98457396075235,0.000471414657928693,0.000319659152029402,0.000469330669317126,0.000652377772791178,0.0131145166467116,0.000357131295027805,4.16090538443433e-05,"gnwiki","Wikipedia"
"gomwiki",0.996446354525291,0.000723532203782619,0.000259771970383979,0.000422793956799265,0.000753424141361467,0.000459248717852935,6.25686312789142e-05,0.000872305853249824,"gomwiki","Wikipedia"
"gotwiki",0.765907355367851,0.230985956381956,0.00048176784978983,0.000923099736112049,0.000305943049657566,0.00117030807522642,0.000157337612904348,6.82319265031831e-05,"gotwiki","Wikipedia"
"guwiki",0.954816730701309,0.0163636305668736,0.000260916269007108,0.000488988001719769,4.13957533799776e-05,0.00255140923887207,6.76180506833905e-05,0.0254093114181552,"guwiki","Wikipedia"
"guwikiquote",0.988575610631181,0.000578806936869353,0.000679478952144565,0.00256343206324664,0.00190320094629363,0.00363448210024789,0.00116236498364314,0.000902623386373163,"guwikiquote","Wikiquote"
"guwikisource",0.984169456255068,0.000961501882853385,0.00252532620495075,0.00270103144438647,0.000871791752717364,0.00610587476780654,0.000416725233638243,0.00224829245857923,"guwikisource","Wikisource"
"gvwiki",0.79244051629666,0.197748343223742,0.00105123939908183,0.000246823082114558,7.73856021458946e-05,0.00831087536490095,0.000103809615686919,2.10074156672727e-05,"gvwiki","Wikipedia"
"hakwiki",0.998205739109205,0.00066370699858535,0.000263461987153052,0.000279616652745419,0.000195168358995743,0.000320514758804357,5.39672288785636e-05,1.78249056321779e-05,"hakwiki","Wikipedia"
"hawiki",0.958795847649525,0.0371915360902637,0.000865120352952523,0.00155685328522702,2.56586673144e-05,0.00144307152609008,2.00775063049275e-05,0.000101834922322254,"hawiki","Wikipedia"
"hawwiki",0.840636834632918,0.153866342391293,0.000890625414098349,0.00110584019426236,0.000318474473545379,0.00111897865611192,0.00201576559618446,4.71386415871014e-05,"hawwiki","Wikipedia"
"hewiki",0.154959199473119,0.18711853495385,6.57202587052436e-05,0.000277814533694727,4.1559516923539e-05,0.656882816333435,1.74296131789859e-05,0.000636925317093467,"hewiki","Wikipedia"
"hewikinews",0.984636609151417,0.000382789416286387,0.00956255280597922,0.000638428352463435,6.80528618459738e-05,0.00335794054889648,0.000131281362471055,0.00122234550064064,"hewikinews","Wikinews"
"hewikiquote",0.937980231000312,0.0176049301273169,0.000139208680096044,0.00049676614070579,0.0435560805162034,0.000188072242139455,2.94688902110628e-05,5.24240301566067e-06,"hewikiquote","Wikiquote"
"hewikisource",0.990339207271607,0.000238554762338577,0.000913877236087537,0.00274594874371017,0.00398549141029022,0.00126942162944797,0.000431032276068269,7.64666704505026e-05,"hewikisource","Wikisource"
"hifwiki",0.99554598941462,6.85872596401268e-05,0.000117373710516613,0.000192054868216297,0.000210683574078141,0.00377137893072407,7.73518805904748e-05,1.65803616142211e-05,"hifwiki","Wikipedia"
"hiwiki",0.815330545216329,0.127149721043424,0.000110742212816272,0.00165375593950349,6.43923030188929e-05,0.00289654664358221,2.49597366214422e-05,0.0527693369047047,"hiwiki","Wikipedia"
"hiwikiquote",0.990441408608494,0.00313837796531007,0.000590797809627848,0.00117114818429045,0.0002988918647986,0.00168880811315975,9.49864534954081e-05,0.00257558100082369,"hiwikiquote","Wikiquote"
"hrwiki",0.716463767866528,0.247771649673482,0.0247029826862491,0.0081030051761763,0.00169438688564773,0.00112124134162875,0.000142827763764643,1.38606522982011e-07,"hrwiki","Wikipedia"
"hrwikiquote",0.964753189135735,0.000391402649644088,0.000117261602781329,0.0001552219028613,0.0319806112698617,0.00251896968289309,7.43630178933586e-05,8.98073833034418e-06,"hrwikiquote","Wikiquote"
"hrwikisource",0.985105569800072,0.000293978969027482,0.000879998782908842,0.00238580477705664,0.00906956707275614,0.0011953549059819,0.000928710333255935,0.00014101535894123,"hrwikisource","Wikisource"
"hsbwiki",0.96645977773798,0.0258802205138485,0.000228328052968436,0.000477876521175479,3.202628638451e-05,0.00682291935983628,7.78118405820908e-05,2.10396872251425e-05,"hsbwiki","Wikipedia"
"htwiki",0.97487084803703,0.0131893212402618,0.000405826954124161,0.00976595406307514,0.000772068443051036,0.000823956015299864,8.17995026267234e-05,9.02257445312537e-05,"htwiki","Wikipedia"
"huwiki",0.359992227467575,0.313366921718078,0.323793641209767,0.000665601873035344,0.000158451663813222,0.00200370796651583,1.93790773489476e-05,6.9023867002569e-08,"huwiki","Wikipedia"
"huwikinews",0.998097826086956,0.000271739130434848,0.000271739130434926,0.000271739130434796,0.000271739130434783,0.000271739130435205,0.000271739130434784,0.000271739130434801,"huwikinews","Wikinews"
"huwikiquote",0.99513063463125,0.000491339557519152,0.000143650002840541,0.000215936280648618,0.00375820426405225,0.000161043428183485,8.95221457293112e-05,9.66968977630634e-06,"huwikiquote","Wikiquote"
"huwikisource",0.723366726074587,8.98432715322242e-05,0.000583499927589735,0.000728649162135345,0.274145011250505,0.000379416754057882,0.000676063396596316,3.07901629966781e-05,"huwikisource","Wikisource"
"hywiki",0.205858425254785,0.230019946592479,1.50811086665363e-05,0.556763352811635,9.62597685915544e-06,0.00733348096624876,6.45008856442058e-08,2.27884409097211e-08,"hywiki","Wikipedia"
"hywikiquote",0.955332338093986,0.000872625199122623,0.000115793171328844,0.00292497583797326,0.040407921027865,0.000137579029031868,0.000199261782566527,9.50585812604406e-06,"hywikiquote","Wikiquote"
"hywikisource",0.851491010326014,0.000217340380446436,0.00100406151527366,0.054515148672265,0.0511116287354272,0.00111150896922598,0.0404775270067416,7.1774394606168e-05,"hywikisource","Wikisource"
"iawiki",0.951236513000027,0.0444404625274977,0.00027373429983247,0.000274276418843917,9.84288481754859e-05,0.00363099679752204,3.8949036633329e-05,6.63907146837435e-06,"iawiki","Wikipedia"
"idwiki",0.612628549450038,0.322210609943524,0.0347283964081656,0.00166288545722382,0.000118202157208363,0.0194928634781986,0.00100664847022624,0.00815184463541507,"idwiki","Wikipedia"
"idwikibooks",0.959243001938639,0.00250067600837665,0.00806365591829795,0.0220201630723667,6.80537020881927e-05,0.00660082067336699,0.000106184778005689,0.00139744390885876,"idwikibooks","Wikibooks"
"idwikiquote",0.995571883470276,0.000260936928036977,0.000239661483630655,0.00043782293201096,0.0028372583847513,0.000431114458027732,0.000182322580227287,3.89997630393529e-05,"idwikiquote","Wikiquote"
"idwikisource",0.964160238579587,0.00191440882998555,0.00627064010934037,0.00783492430108152,0.0090619659657443,0.00879524852835086,0.000650322709183346,0.0013122509767272,"idwikisource","Wikisource"
"iewiki",0.99380697618335,0.000898180832857128,0.0041396666811618,0.000440610574051209,0.000224156831294707,0.000376873654297303,8.35267756913746e-05,3.00084672967359e-05,"iewiki","Wikipedia"
"igwiki",0.499336616946703,0.499322682210805,0.000224943373506601,0.000364698278656066,7.79394388622853e-06,0.00065917619120571,4.22697411841408e-05,4.18193140533153e-05,"igwiki","Wikipedia"
"ikwiki",0.988542754033098,0.0029416605090659,0.00135830696802051,0.00460440800350231,3.4035999508965e-05,0.00213492330558677,5.73795577526244e-05,0.000326531623465102,"ikwiki","Wikipedia"
"ilowiki",0.781827189378835,0.215663406442856,7.40505376867855e-05,9.11909709237713e-05,4.88060005477924e-05,0.00226837938448529,1.94377726730951e-05,7.53951199129453e-06,"ilowiki","Wikipedia"
"iowiki",0.762108874307412,0.227488691896788,0.00633693031027323,0.0014170001745785,0.00206061277121885,0.000586409335913932,1.28334456954793e-06,1.97859245583932e-07,"iowiki","Wikipedia"
"iswiki",0.832057271819091,0.164843371117341,0.000215917358369213,0.00199648458789464,5.87550759307593e-05,0.000809460415845773,1.84649298858386e-05,2.74695642195511e-07,"iswiki","Wikipedia"
"iswikibooks",0.755691331387272,0.00500964760027178,0.00970230202908605,0.00710402050399135,0.100968086217849,0.0217322441878807,0.0986623820614259,0.00112998601222322,"iswikibooks","Wikibooks"
"iswikiquote",0.995778469037531,0.000207948112065027,0.000622340219363998,0.000616111213062318,0.00111916182455713,0.000849636451571494,0.00074696536685201,5.93677749966734e-05,"iswikiquote","Wikiquote"
"iswikisource",0.648244220828286,0.00206284108924509,0.0112334507565021,0.0107392318807141,0.277168789558624,0.0171448263238443,0.0309557771766956,0.0024508623860884,"iswikisource","Wikisource"
"itwiki",0.318737139904357,0.23203011916824,0.388473105197336,0.00298669490618074,0.019816743137932,0.0103956974214017,0.0275604215262418,7.87383112549666e-08,"itwiki","Wikipedia"
"itwikibooks",0.977399467371447,0.00041187143168304,0.00284048902271045,0.00281584618903226,0.0110880511358865,0.00303134819600378,0.00231181760344444,0.000101109049792535,"itwikibooks","Wikibooks"
"itwikinews",0.946875514139523,0.000395843973876216,0.0505567495085637,0.000439443547925042,2.05511415621761e-05,0.00154336314365376,2.98584602097066e-05,0.000138676084686574,"itwikinews","Wikinews"
"itwikiquote",0.457186934230581,0.527370058725549,0.000177144106379246,0.000402479323497473,0.0122563524163202,0.00252895565098905,7.79526272377436e-05,1.22919446955907e-07,"itwikiquote","Wikiquote"
"itwikisource",0.834446160815101,2.47988556500676e-05,0.000732837508569302,0.000213897968179317,0.135513198761972,0.00797051887693544,0.0210970047840211,1.5824295714989e-06,"itwikisource","Wikisource"
"iuwiki",0.985220461092661,0.00876886808529222,0.000608040640335744,0.00273577121931796,5.6358350572292e-05,0.00239246715388478,4.60649457258348e-05,0.000171968512209641,"iuwiki","Wikipedia"
"jamwiki",0.988944938248599,4.52165851250071e-05,0.000262589750519709,0.000381418030651666,0.000241153770824129,0.00981677226691435,0.000275620332697688,3.22910146681182e-05,"jamwiki","Wikipedia"
"jawiki",0.375669638050356,0.255135011691631,0.348772248870748,0.00180772967505494,0.00658166154112054,0.0119240307820361,0.000109564129155276,1.15259898523384e-07,"jawiki","Wikipedia"
"jawikibooks",0.988230935395594,0.000728822836250399,0.00151760310145974,0.00214944904804724,0.00121265187201409,0.00434934487492241,0.00107140760115016,0.000739785270561862,"jawikibooks","Wikibooks"
"jawikiquote",0.993800029850935,6.02176033348802e-05,0.000227967572623433,0.000307626838590072,0.00505275291671382,0.000260222223529706,0.000268304399108631,2.28785951644462e-05,"jawikiquote","Wikiquote"
"jawikisource",0.990432989594861,0.000331559923319652,0.00156976714452989,0.00242033446988525,0.00192853587073957,0.0026244447858403,0.000414333918515002,0.000278034292309216,"jawikisource","Wikisource"
"jbowiki",0.995203606665998,0.000395358117871721,0.00040544241320597,0.000653693407207325,0.00265055062742149,0.000516779778779134,0.000135277307961383,3.9291681554707e-05,"jbowiki","Wikipedia"
